


































































































































0.979798	
0.979798	0.979798	
0.979798	0.979798	0.979798	
0.979798	0.979798	0.979798	0.979798	
0.979798	0.979798	0.979798	0.979798	0.979798	
0.979798	0.979798	0.979798	0.979798	0.979798	0.979798	
0.979798	0.979798	0.979798	0.979798	0.979798	0.979798	0.979798	
0.979798	0.979798	0.979798	0.979798	0.979798	0.979798	0.979798	0.979798	
0.979798	0.979798	0.979798	0.979798	0.979798	0.979798	0.979798	0.979798	0.979798	
0.979798	0.979798	0.979798	0.979798	0.979798	0.979798	0.979798	0.979798	0.979798	0.979798	
0.979798	0.979798	0.979798	0.979798	0.979798	0.979798	0.979798	0.979798	0.979798	0.979798	0.979798	
0.979798	0.979798	0.979798	0.979798	0.979798	0.979798	0.979798	0.979798	0.979798	0.979798	0.979798	0.979798	
0.979798	0.979798	0.979798	0.979798	0.979798	0.979798	0.979798	0.979798	0.979798	0.979798	0.979798	0.979798	0.979798	
0.979798	0.979798	0.979798	0.979798	0.979798	0.979798	0.979798	0.979798	0.979798	0.979798	0.979798	0.979798	0.979798	0.979798	
0.979798	0.979798	0.979798	0.979798	0.979798	0.979798	0.979798	0.979798	0.979798	0.979798	0.979798	0.979798	0.979798	0.979798	0.979798	
0.979798	0.979798	0.979798	0.979798	0.979798	0.979798	0.979798	0.979798	0.979798	0.979798	0.979798	0.979798	0.979798	0.979798	0.979798	0.979798	
0.979798	0.979798	0.979798	0.979798	0.979798	0.979798	0.979798	0.979798	0.979798	0.979798	0.979798	0.979798	0.979798	0.979798	0.979798	0.979798	0.979798	
0.979798	0.979798	0.979798	0.979798	0.979798	0.979798	0.979798	0.979798	0.979798	0.979798	0.979798	0.979798	0.979798	0.979798	0.979798	0.979798	0.979798	0.979798	
0.979798	0.979798	0.979798	0.979798	0.979798	0.979798	0.979798	0.979798	0.979798	0.979798	0.979798	0.979798	0.979798	0.979798	0.979798	0.979798	0.979798	0.979798	0.979798	
0.979798	0.979798	0.979798	0.979798	0.979798	0.979798	0.979798	0.979798	0.979798	0.979798	0.979798	0.979798	0.979798	0.979798	0.979798	0.979798	0.979798	0.979798	0.979798	0.979798	
0.979798	0.979798	0.979798	0.979798	0.979798	0.979798	0.979798	0.979798	0.979798	0.979798	0.979798	0.979798	0.979798	0.979798	0.979798	0.979798	0.979798	0.979798	0.979798	0.979798	0.979798	
0.979798	0.979798	0.979798	0.979798	0.979798	0.979798	0.979798	0.979798	0.979798	0.979798	0.979798	0.979798	0.979798	0.979798	0.979798	0.979798	0.979798	0.979798	0.979798	0.979798	0.979798	0.979798	
0.979798	0.979798	0.979798	0.979798	0.979798	0.979798	0.979798	0.979798	0.979798	0.979798	0.979798	0.979798	0.979798	0.979798	0.979798	0.979798	0.979798	0.979798	0.979798	0.979798	0.979798	0.979798	0.979798	
0.979798	0.979798	0.979798	0.979798	0.979798	0.979798	0.979798	0.979798	0.979798	0.979798	0.979798	0.979798	0.979798	0.979798	0.979798	0.979798	0.979798	0.979798	0.979798	0.979798	0.979798	0.979798	0.979798	0.979798	
0.979798	0.979798	0.979798	0.979798	0.979798	0.979798	0.979798	0.979798	0.979798	0.979798	0.979798	0.979798	0.979798	0.979798	0.979798	0.979798	0.979798	0.979798	0.979798	0.979798	0.979798	0.979798	0.979798	0.979798	0.979798	
0.979798	0.979798	0.979798	0.979798	0.979798	0.979798	0.979798	0.979798	0.979798	0.979798	0.979798	0.979798	0.979798	0.979798	0.979798	0.979798	0.979798	0.979798	0.979798	0.979798	0.979798	0.979798	0.979798	0.979798	0.979798	0.979798	
0.979798	0.979798	0.979798	0.979798	0.979798	0.979798	0.979798	0.979798	0.979798	0.979798	0.979798	0.979798	0.979798	0.979798	0.979798	0.979798	0.979798	0.979798	0.979798	0.979798	0.979798	0.979798	0.979798	0.979798	0.979798	0.979798	0.979798	
0.979798	0.979798	0.979798	0.979798	0.979798	0.979798	0.979798	0.979798	0.979798	0.979798	0.979798	0.979798	0.979798	0.979798	0.979798	0.979798	0.979798	0.979798	0.979798	0.979798	0.979798	0.979798	0.979798	0.979798	0.979798	0.979798	0.979798	0.979798	
0.979798	0.979798	0.979798	0.979798	0.979798	0.979798	0.979798	0.979798	0.979798	0.979798	0.979798	0.979798	0.979798	0.979798	0.979798	0.979798	0.979798	0.979798	0.979798	0.979798	0.979798	0.979798	0.979798	0.979798	0.979798	0.979798	0.979798	0.979798	0.979798	
0.979798	0.979798	0.979798	0.979798	0.979798	0.979798	0.979798	0.979798	0.979798	0.979798	0.979798	0.979798	0.979798	0.979798	0.979798	0.979798	0.979798	0.979798	0.979798	0.979798	0.979798	0.979798	0.979798	0.979798	0.979798	0.979798	0.979798	0.979798	0.979798	0.979798	
0.979798	0.979798	0.979798	0.979798	0.979798	0.979798	0.979798	0.979798	0.979798	0.979798	0.979798	0.979798	0.979798	0.979798	0.979798	0.979798	0.979798	0.979798	0.979798	0.979798	0.979798	0.979798	0.979798	0.979798	0.979798	0.979798	0.979798	0.979798	0.979798	0.979798	0.979798	
0.979798	0.979798	0.979798	0.979798	0.979798	0.979798	0.979798	0.979798	0.979798	0.979798	0.979798	0.979798	0.979798	0.979798	0.979798	0.979798	0.979798	0.979798	0.979798	0.979798	0.979798	0.979798	0.979798	0.979798	0.979798	0.979798	0.979798	0.979798	0.979798	0.979798	0.979798	0.979798	
0.979798	0.979798	0.979798	0.979798	0.979798	0.979798	0.979798	0.979798	0.979798	0.979798	0.979798	0.979798	0.979798	0.979798	0.979798	0.979798	0.979798	0.979798	0.979798	0.979798	0.979798	0.979798	0.979798	0.979798	0.979798	0.979798	0.979798	0.979798	0.979798	0.979798	0.979798	0.979798	0.979798	
0.979798	0.979798	0.979798	0.979798	0.979798	0.979798	0.979798	0.979798	0.979798	0.979798	0.979798	0.979798	0.979798	0.979798	0.979798	0.979798	0.979798	0.979798	0.979798	0.979798	0.979798	0.979798	0.979798	0.979798	0.979798	0.979798	0.979798	0.979798	0.979798	0.979798	0.979798	0.979798	0.979798	0.979798	
0.979798	0.979798	0.979798	0.979798	0.979798	0.979798	0.979798	0.979798	0.979798	0.979798	0.979798	0.979798	0.979798	0.979798	0.979798	0.979798	0.979798	0.979798	0.979798	0.979798	0.979798	0.979798	0.979798	0.979798	0.979798	0.979798	0.979798	0.979798	0.979798	0.979798	0.979798	0.979798	0.979798	0.979798	0.979798	
0.979798	0.979798	0.979798	0.979798	0.979798	0.979798	0.979798	0.979798	0.979798	0.979798	0.979798	0.979798	0.979798	0.979798	0.979798	0.979798	0.979798	0.979798	0.979798	0.979798	0.979798	0.979798	0.979798	0.979798	0.979798	0.979798	0.979798	0.979798	0.979798	0.979798	0.979798	0.979798	0.979798	0.979798	0.979798	0.979798	
0.979798	0.979798	0.979798	0.979798	0.979798	0.979798	0.979798	0.979798	0.979798	0.979798	0.979798	0.979798	0.979798	0.979798	0.979798	0.979798	0.979798	0.979798	0.979798	0.979798	0.979798	0.979798	0.979798	0.979798	0.979798	0.979798	0.979798	0.979798	0.979798	0.979798	0.979798	0.979798	0.979798	0.979798	0.979798	0.979798	0.979798	
0.979798	0.979798	0.979798	0.979798	0.979798	0.979798	0.979798	0.979798	0.979798	0.979798	0.979798	0.979798	0.979798	0.979798	0.979798	0.979798	0.979798	0.979798	0.979798	0.979798	0.979798	0.979798	0.979798	0.979798	0.979798	0.979798	0.979798	0.979798	0.979798	0.979798	0.979798	0.979798	0.979798	0.979798	0.979798	0.979798	0.979798	0.979798	
0.979798	0.979798	0.979798	0.979798	0.979798	0.979798	0.979798	0.979798	0.979798	0.979798	0.979798	0.979798	0.979798	0.979798	0.979798	0.979798	0.979798	0.979798	0.979798	0.979798	0.979798	0.979798	0.979798	0.979798	0.979798	0.979798	0.979798	0.979798	0.979798	0.979798	0.979798	0.979798	0.979798	0.979798	0.979798	0.979798	0.979798	0.979798	0.979798	
0.979798	0.979798	0.979798	0.979798	0.979798	0.979798	0.979798	0.979798	0.979798	0.979798	0.979798	0.979798	0.979798	0.979798	0.979798	0.979798	0.979798	0.979798	0.979798	0.979798	0.979798	0.979798	0.979798	0.979798	0.979798	0.979798	0.979798	0.979798	0.979798	0.979798	0.979798	0.979798	0.979798	0.979798	0.979798	0.979798	0.979798	0.979798	0.979798	0.979798	
0.979798	0.979798	0.979798	0.979798	0.979798	0.979798	0.979798	0.979798	0.979798	0.979798	0.979798	0.979798	0.979798	0.979798	0.979798	0.979798	0.979798	0.979798	0.979798	0.979798	0.979798	0.979798	0.979798	0.979798	0.979798	0.979798	0.979798	0.979798	0.979798	0.979798	0.979798	0.979798	0.979798	0.979798	0.979798	0.979798	0.979798	0.979798	0.979798	0.979798	0.979798	
0.979798	0.979798	0.979798	0.979798	0.979798	0.979798	0.979798	0.979798	0.979798	0.979798	0.979798	0.979798	0.979798	0.979798	0.979798	0.979798	0.979798	0.979798	0.979798	0.979798	0.979798	0.979798	0.979798	0.979798	0.979798	0.979798	0.979798	0.979798	0.979798	0.979798	0.979798	0.979798	0.979798	0.979798	0.979798	0.979798	0.979798	0.979798	0.979798	0.979798	0.979798	0.979798	
0.979798	0.979798	0.979798	0.979798	0.979798	0.979798	0.979798	0.979798	0.979798	0.979798	0.979798	0.979798	0.979798	0.979798	0.979798	0.979798	0.979798	0.979798	0.979798	0.979798	0.979798	0.979798	0.979798	0.979798	0.979798	0.979798	0.979798	0.979798	0.979798	0.979798	0.979798	0.979798	0.979798	0.979798	0.979798	0.979798	0.979798	0.979798	0.979798	0.979798	0.979798	0.979798	0.979798	
0.979798	0.979798	0.979798	0.979798	0.979798	0.979798	0.979798	0.979798	0.979798	0.979798	0.979798	0.979798	0.979798	0.979798	0.979798	0.979798	0.979798	0.979798	0.979798	0.979798	0.979798	0.979798	0.979798	0.979798	0.979798	0.979798	0.979798	0.979798	0.979798	0.979798	0.979798	0.979798	0.979798	0.979798	0.979798	0.979798	0.979798	0.979798	0.979798	0.979798	0.979798	0.979798	0.979798	0.979798	
0.979798	0.979798	0.979798	0.979798	0.979798	0.979798	0.979798	0.979798	0.979798	0.979798	0.979798	0.979798	0.979798	0.979798	0.979798	0.979798	0.979798	0.979798	0.979798	0.979798	0.979798	0.979798	0.979798	0.979798	0.979798	0.979798	0.979798	0.979798	0.979798	0.979798	0.979798	0.979798	0.979798	0.979798	0.979798	0.979798	0.979798	0.979798	0.979798	0.979798	0.979798	0.979798	0.979798	0.979798	0.979798	
0.979798	0.979798	0.979798	0.979798	0.979798	0.979798	0.979798	0.979798	0.979798	0.979798	0.979798	0.979798	0.979798	0.979798	0.979798	0.979798	0.979798	0.979798	0.979798	0.979798	0.979798	0.979798	0.979798	0.979798	0.979798	0.979798	0.979798	0.979798	0.979798	0.979798	0.979798	0.979798	0.979798	0.979798	0.979798	0.979798	0.979798	0.979798	0.979798	0.979798	0.979798	0.979798	0.979798	0.979798	0.979798	0.979798	
0.979798	0.979798	0.979798	0.979798	0.979798	0.979798	0.979798	0.979798	0.979798	0.979798	0.979798	0.979798	0.979798	0.979798	0.979798	0.979798	0.979798	0.979798	0.979798	0.979798	0.979798	0.979798	0.979798	0.979798	0.979798	0.979798	0.979798	0.979798	0.979798	0.979798	0.979798	0.979798	0.979798	0.979798	0.979798	0.979798	0.979798	0.979798	0.979798	0.979798	0.979798	0.979798	0.979798	0.979798	0.979798	0.979798	0.979798	
0.979798	0.979798	0.979798	0.979798	0.979798	0.979798	0.979798	0.979798	0.979798	0.979798	0.979798	0.979798	0.979798	0.979798	0.979798	0.979798	0.979798	0.979798	0.979798	0.979798	0.979798	0.979798	0.979798	0.979798	0.979798	0.979798	0.979798	0.979798	0.979798	0.979798	0.979798	0.979798	0.979798	0.979798	0.979798	0.979798	0.979798	0.979798	0.979798	0.979798	0.979798	0.979798	0.979798	0.979798	0.979798	0.979798	0.979798	0.979798	
0.979798	0.979798	0.979798	0.979798	0.979798	0.979798	0.979798	0.979798	0.979798	0.979798	0.979798	0.979798	0.979798	0.979798	0.979798	0.979798	0.979798	0.979798	0.979798	0.979798	0.979798	0.979798	0.979798	0.979798	0.979798	0.979798	0.979798	0.979798	0.979798	0.979798	0.979798	0.979798	0.979798	0.979798	0.979798	0.979798	0.979798	0.979798	0.979798	0.979798	0.979798	0.979798	0.979798	0.979798	0.979798	0.979798	0.979798	0.979798	0.979798	
0.979798	0.979798	0.979798	0.979798	0.979798	0.979798	0.979798	0.979798	0.979798	0.979798	0.979798	0.979798	0.979798	0.979798	0.979798	0.979798	0.979798	0.979798	0.979798	0.979798	0.979798	0.979798	0.979798	0.979798	0.979798	0.979798	0.979798	0.979798	0.979798	0.979798	0.979798	0.979798	0.979798	0.979798	0.979798	0.979798	0.979798	0.979798	0.979798	0.979798	0.979798	0.979798	0.979798	0.979798	0.979798	0.979798	0.979798	0.979798	0.979798	0.979798	
0.979798	0.979798	0.979798	0.979798	0.979798	0.979798	0.979798	0.979798	0.979798	0.979798	0.979798	0.979798	0.979798	0.979798	0.979798	0.979798	0.979798	0.979798	0.979798	0.979798	0.979798	0.979798	0.979798	0.979798	0.979798	0.979798	0.979798	0.979798	0.979798	0.979798	0.979798	0.979798	0.979798	0.979798	0.979798	0.979798	0.979798	0.979798	0.979798	0.979798	0.979798	0.979798	0.979798	0.979798	0.979798	0.979798	0.979798	0.979798	0.979798	0.979798	0.979798	
0.979798	0.979798	0.979798	0.979798	0.979798	0.979798	0.979798	0.979798	0.979798	0.979798	0.979798	0.979798	0.979798	0.979798	0.979798	0.979798	0.979798	0.979798	0.979798	0.979798	0.979798	0.979798	0.979798	0.979798	0.979798	0.979798	0.979798	0.979798	0.979798	0.979798	0.979798	0.979798	0.979798	0.979798	0.979798	0.979798	0.979798	0.979798	0.979798	0.979798	0.979798	0.979798	0.979798	0.979798	0.979798	0.979798	0.979798	0.979798	0.979798	0.979798	0.979798	0.979798	
0.979798	0.979798	0.979798	0.979798	0.979798	0.979798	0.979798	0.979798	0.979798	0.979798	0.979798	0.979798	0.979798	0.979798	0.979798	0.979798	0.979798	0.979798	0.979798	0.979798	0.979798	0.979798	0.979798	0.979798	0.979798	0.979798	0.979798	0.979798	0.979798	0.979798	0.979798	0.979798	0.979798	0.979798	0.979798	0.979798	0.979798	0.979798	0.979798	0.979798	0.979798	0.979798	0.979798	0.979798	0.979798	0.979798	0.979798	0.979798	0.979798	0.979798	0.979798	0.979798	0.979798	
0.979798	0.979798	0.979798	0.979798	0.979798	0.979798	0.979798	0.979798	0.979798	0.979798	0.979798	0.979798	0.979798	0.979798	0.979798	0.979798	0.979798	0.979798	0.979798	0.979798	0.979798	0.979798	0.979798	0.979798	0.979798	0.979798	0.979798	0.979798	0.979798	0.979798	0.979798	0.979798	0.979798	0.979798	0.979798	0.979798	0.979798	0.979798	0.979798	0.979798	0.979798	0.979798	0.979798	0.979798	0.979798	0.979798	0.979798	0.979798	0.979798	0.979798	0.979798	0.979798	0.979798	0.979798	
0.979798	0.979798	0.979798	0.979798	0.979798	0.979798	0.979798	0.979798	0.979798	0.979798	0.979798	0.979798	0.979798	0.979798	0.979798	0.979798	0.979798	0.979798	0.979798	0.979798	0.979798	0.979798	0.979798	0.979798	0.979798	0.979798	0.979798	0.979798	0.979798	0.979798	0.979798	0.979798	0.979798	0.979798	0.979798	0.979798	0.979798	0.979798	0.979798	0.979798	0.979798	0.979798	0.979798	0.979798	0.979798	0.979798	0.979798	0.979798	0.979798	0.979798	0.979798	0.979798	0.979798	0.979798	0.979798	
0.979798	0.979798	0.979798	0.979798	0.979798	0.979798	0.979798	0.979798	0.979798	0.979798	0.979798	0.979798	0.979798	0.979798	0.979798	0.979798	0.979798	0.979798	0.979798	0.979798	0.979798	0.979798	0.979798	0.979798	0.979798	0.979798	0.979798	0.979798	0.979798	0.979798	0.979798	0.979798	0.979798	0.979798	0.979798	0.979798	0.979798	0.979798	0.979798	0.979798	0.979798	0.979798	0.979798	0.979798	0.979798	0.979798	0.979798	0.979798	0.979798	0.979798	0.979798	0.979798	0.979798	0.979798	0.979798	0.979798	
0.979798	0.979798	0.979798	0.979798	0.979798	0.979798	0.979798	0.979798	0.979798	0.979798	0.979798	0.979798	0.979798	0.979798	0.979798	0.979798	0.979798	0.979798	0.979798	0.979798	0.979798	0.979798	0.979798	0.979798	0.979798	0.979798	0.979798	0.979798	0.979798	0.979798	0.979798	0.979798	0.979798	0.979798	0.979798	0.979798	0.979798	0.979798	0.979798	0.979798	0.979798	0.979798	0.979798	0.979798	0.979798	0.979798	0.979798	0.979798	0.979798	0.979798	0.979798	0.979798	0.979798	0.979798	0.979798	0.979798	0.979798	
0.979798	0.979798	0.979798	0.979798	0.979798	0.979798	0.979798	0.979798	0.979798	0.979798	0.979798	0.979798	0.979798	0.979798	0.979798	0.979798	0.979798	0.979798	0.979798	0.979798	0.979798	0.979798	0.979798	0.979798	0.979798	0.979798	0.979798	0.979798	0.979798	0.979798	0.979798	0.979798	0.979798	0.979798	0.979798	0.979798	0.979798	0.979798	0.979798	0.979798	0.979798	0.979798	0.979798	0.979798	0.979798	0.979798	0.979798	0.979798	0.979798	0.979798	0.979798	0.979798	0.979798	0.979798	0.979798	0.979798	0.979798	0.979798	
0.979798	0.979798	0.979798	0.979798	0.979798	0.979798	0.979798	0.979798	0.979798	0.979798	0.979798	0.979798	0.979798	0.979798	0.979798	0.979798	0.979798	0.979798	0.979798	0.979798	0.979798	0.979798	0.979798	0.979798	0.979798	0.979798	0.979798	0.979798	0.979798	0.979798	0.979798	0.979798	0.979798	0.979798	0.979798	0.979798	0.979798	0.979798	0.979798	0.979798	0.979798	0.979798	0.979798	0.979798	0.979798	0.979798	0.979798	0.979798	0.979798	0.979798	0.979798	0.979798	0.979798	0.979798	0.979798	0.979798	0.979798	0.979798	0.979798	
0.979798	0.979798	0.979798	0.979798	0.979798	0.979798	0.979798	0.979798	0.979798	0.979798	0.979798	0.979798	0.979798	0.979798	0.979798	0.979798	0.979798	0.979798	0.979798	0.979798	0.979798	0.979798	0.979798	0.979798	0.979798	0.979798	0.979798	0.979798	0.979798	0.979798	0.979798	0.979798	0.979798	0.979798	0.979798	0.979798	0.979798	0.979798	0.979798	0.979798	0.979798	0.979798	0.979798	0.979798	0.979798	0.979798	0.979798	0.979798	0.979798	0.979798	0.979798	0.979798	0.979798	0.979798	0.979798	0.979798	0.979798	0.979798	0.979798	0.979798	
0.979798	0.979798	0.979798	0.979798	0.979798	0.979798	0.979798	0.979798	0.979798	0.979798	0.979798	0.979798	0.979798	0.979798	0.979798	0.979798	0.979798	0.979798	0.979798	0.979798	0.979798	0.979798	0.979798	0.979798	0.979798	0.979798	0.979798	0.979798	0.979798	0.979798	0.979798	0.979798	0.979798	0.979798	0.979798	0.979798	0.979798	0.979798	0.979798	0.979798	0.979798	0.979798	0.979798	0.979798	0.979798	0.979798	0.979798	0.979798	0.979798	0.979798	0.979798	0.979798	0.979798	0.979798	0.979798	0.979798	0.979798	0.979798	0.979798	0.979798	0.979798	0.979798	0.979798	0.979798	
0.979798	0.979798	0.979798	0.979798	0.979798	0.979798	0.979798	0.979798	0.979798	0.979798	0.979798	0.979798	0.979798	0.979798	0.979798	0.979798	0.979798	0.979798	0.979798	0.979798	0.979798	0.979798	0.979798	0.979798	0.979798	0.979798	0.979798	0.979798	0.979798	0.979798	0.979798	0.979798	0.979798	0.979798	0.979798	0.979798	0.979798	0.979798	0.979798	0.979798	0.979798	0.979798	0.979798	0.979798	0.979798	0.979798	0.979798	0.979798	0.979798	0.979798	0.979798	0.979798	0.979798	0.979798	0.979798	0.979798	0.979798	0.979798	0.979798	0.979798	0.979798	0.979798	0.979798	0.979798	0.979798	0.979798	0.979798	0.979444	
0.979798	0.979798	0.979798	0.979798	0.979798	0.979798	0.979798	0.979798	0.979798	0.979798	0.979798	0.979798	0.979798	0.979798	0.979798	0.979798	0.979798	0.979798	0.979798	0.979798	0.979798	0.979798	0.979798	0.979798	0.979798	0.979798	0.979798	0.979798	0.979798	0.979798	0.979798	0.979798	0.979798	0.979798	0.979798	0.979798	0.979798	0.979798	0.979798	0.979798	0.979798	0.979798	0.979798	0.979798	0.979798	0.979798	0.979798	0.979798	0.979798	0.979798	0.979798	0.979798	0.979798	0.979798	0.979798	0.979798	0.979798	0.979798	0.979798	0.979798	0.979798	0.979798	0.979798	0.979798	0.979798	0.979798	0.979798	0.979798	0.979798	0.979798	0.979536	0.979275	
0.979798	0.979798	0.979798	0.979798	0.979798	0.979798	0.979798	0.979798	0.979798	0.979798	0.979798	0.979798	0.979798	0.979798	0.979798	0.979798	0.979798	0.979798	0.979798	0.979798	0.979798	0.979798	0.979798	0.979798	0.979798	0.979798	0.979798	0.979798	0.979798	0.979798	0.979798	0.979798	0.979798	0.979798	0.979798	0.979798	0.979798	0.979798	0.979798	0.979798	0.979798	0.979798	0.979798	0.979798	0.979798	0.979798	0.979798	0.979798	0.979798	0.979798	0.979798	0.979798	0.979798	0.979798	0.979798	0.979798	0.979798	0.979798	0.979798	0.979798	0.979798	0.979798	0.979798	0.979798	0.979798	0.979798	0.979798	0.979798	0.979798	0.979798	0.979798	0.979798	0.979798	0.979567	0.979336	0.979105	
0.979798	0.979798	0.979798	0.979798	0.979798	0.979798	0.979798	0.979798	0.979798	0.979798	0.979798	0.979798	0.979798	0.979798	0.979798	0.979798	0.979798	0.979798	0.979798	0.979798	0.979798	0.979798	0.979798	0.979798	0.979798	0.979798	0.979798	0.979798	0.979798	0.979798	0.979798	0.979798	0.979798	0.979798	0.979798	0.979798	0.979798	0.979798	0.979798	0.979798	0.979798	0.979798	0.979798	0.979798	0.979798	0.979798	0.979798	0.979798	0.979798	0.979798	0.979798	0.979798	0.979798	0.979798	0.979798	0.979798	0.979798	0.979798	0.979798	0.979798	0.979798	0.979798	0.979798	0.979798	0.979798	0.979798	0.979798	0.979798	0.979798	0.979798	0.979798	0.979798	0.979798	0.979798	0.979798	0.979798	0.979582	0.979367	0.979151	0.978936	
0.979798	0.979798	0.979798	0.979798	0.979798	0.979798	0.979798	0.979798	0.979798	0.979798	0.979798	0.979798	0.979798	0.979798	0.979798	0.979798	0.979798	0.979798	0.979798	0.979798	0.979798	0.979798	0.979798	0.979798	0.979798	0.979798	0.979798	0.979798	0.979798	0.979798	0.979798	0.979798	0.979798	0.979798	0.979798	0.979798	0.979798	0.979798	0.979798	0.979798	0.979798	0.979798	0.979798	0.979798	0.979798	0.979798	0.979798	0.979798	0.979798	0.979798	0.979798	0.979798	0.979798	0.979798	0.979798	0.979798	0.979798	0.979798	0.979798	0.979798	0.979798	0.979798	0.979798	0.979798	0.979798	0.979798	0.979798	0.979798	0.979798	0.979798	0.979798	0.979798	0.979798	0.979798	0.979798	0.979798	0.979798	0.979798	0.979798	0.979592	0.979385	0.979179	0.978972	0.978766	
0.979798	0.979798	0.979798	0.979798	0.979798	0.979798	0.979798	0.979798	0.979798	0.979798	0.979798	0.979798	0.979798	0.979798	0.979798	0.979798	0.979798	0.979798	0.979798	0.979798	0.979798	0.979798	0.979798	0.979798	0.979798	0.979798	0.979798	0.979798	0.979798	0.979798	0.979798	0.979798	0.979798	0.979798	0.979798	0.979798	0.979798	0.979798	0.979798	0.979798	0.979798	0.979798	0.979798	0.979798	0.979798	0.979798	0.979798	0.979798	0.979798	0.979798	0.979798	0.979798	0.979798	0.979798	0.979798	0.979798	0.979798	0.979798	0.979798	0.979798	0.979798	0.979798	0.979798	0.979798	0.979798	0.979798	0.979798	0.979798	0.979798	0.979798	0.979798	0.979798	0.979798	0.979798	0.979798	0.979798	0.979798	0.979798	0.979798	0.979798	0.979798	0.979798	0.979598	0.979398	0.979197	0.978997	0.978797	0.978597	
0.979798	0.979798	0.979798	0.979798	0.979798	0.979798	0.979798	0.979798	0.979798	0.979798	0.979798	0.979798	0.979798	0.979798	0.979798	0.979798	0.979798	0.979798	0.979798	0.979798	0.979798	0.979798	0.979798	0.979798	0.979798	0.979798	0.979798	0.979798	0.979798	0.979798	0.979798	0.979798	0.979798	0.979798	0.979798	0.979798	0.979798	0.979798	0.979798	0.979798	0.979798	0.979798	0.979798	0.979798	0.979798	0.979798	0.979798	0.979798	0.979798	0.979798	0.979798	0.979798	0.979798	0.979798	0.979798	0.979798	0.979798	0.979798	0.979798	0.979798	0.979798	0.979798	0.979798	0.979798	0.979798	0.979798	0.979798	0.979798	0.979798	0.979798	0.979798	0.979798	0.979798	0.979798	0.979798	0.979798	0.979798	0.979798	0.979798	0.979798	0.979798	0.979798	0.979798	0.979798	0.979798	0.979602	0.979406	0.979210	0.979015	0.978819	0.978623	0.978427	
0.979798	0.979798	0.979798	0.979798	0.979798	0.979798	0.979798	0.979798	0.979798	0.979798	0.979798	0.979798	0.979798	0.979798	0.979798	0.979798	0.979798	0.979798	0.979798	0.979798	0.979798	0.979798	0.979798	0.979798	0.979798	0.979798	0.979798	0.979798	0.979798	0.979798	0.979798	0.979798	0.979798	0.979798	0.979798	0.979798	0.979798	0.979798	0.979798	0.979798	0.979798	0.979798	0.979798	0.979798	0.979798	0.979798	0.979798	0.979798	0.979798	0.979798	0.979798	0.979798	0.979798	0.979798	0.979798	0.979798	0.979798	0.979798	0.979798	0.979798	0.979798	0.979798	0.979798	0.979798	0.979798	0.979798	0.979798	0.979798	0.979798	0.979798	0.979798	0.979798	0.979798	0.979798	0.979798	0.979798	0.979798	0.979798	0.979798	0.979798	0.979798	0.979798	0.979798	0.979798	0.979798	0.979798	0.979798	0.979798	0.979605	0.979413	0.979220	0.979028	0.978835	0.978643	0.978450	0.978258	
0.979798	0.979798	0.979798	0.979798	0.979798	0.979798	0.979798	0.979798	0.979798	0.979798	0.979798	0.979798	0.979798	0.979798	0.979798	0.979798	0.979798	0.979798	0.979798	0.979798	0.979798	0.979798	0.979798	0.979798	0.979798	0.979798	0.979798	0.979798	0.979798	0.979798	0.979798	0.979798	0.979798	0.979798	0.979798	0.979798	0.979798	0.979798	0.979798	0.979798	0.979798	0.979798	0.979798	0.979798	0.979798	0.979798	0.979798	0.979798	0.979798	0.979798	0.979798	0.979798	0.979798	0.979798	0.979798	0.979798	0.979798	0.979798	0.979798	0.979798	0.979798	0.979798	0.979798	0.979798	0.979798	0.979798	0.979798	0.979798	0.979798	0.979798	0.979798	0.979798	0.979798	0.979798	0.979798	0.979798	0.979798	0.979798	0.979798	0.979798	0.979798	0.979798	0.979798	0.979798	0.979798	0.979798	0.979798	0.979798	0.979798	0.979798	0.979798	0.979608	0.979418	0.979228	0.979038	0.978848	0.978658	0.978468	0.978278	0.978088	
0.979798	0.979798	0.979798	0.979798	0.979798	0.979798	0.979798	0.979798	0.979798	0.979798	0.979798	0.979798	0.979798	0.979798	0.979798	0.979798	0.979798	0.979798	0.979798	0.979798	0.979798	0.979798	0.979798	0.979798	0.979798	0.979798	0.979798	0.979798	0.979798	0.979798	0.979798	0.979798	0.979798	0.979798	0.979798	0.979798	0.979798	0.979798	0.979798	0.979798	0.979798	0.979798	0.979798	0.979798	0.979798	0.979798	0.979798	0.979798	0.979798	0.979798	0.979798	0.979798	0.979798	0.979798	0.979798	0.979798	0.979798	0.979798	0.979798	0.979798	0.979798	0.979798	0.979798	0.979798	0.979798	0.979798	0.979798	0.979798	0.979798	0.979798	0.979798	0.979798	0.979798	0.979798	0.979798	0.979798	0.979798	0.979798	0.979798	0.979798	0.979798	0.979798	0.979798	0.979798	0.979798	0.979798	0.979798	0.979798	0.979798	0.979798	0.979798	0.979798	0.979798	0.979798	0.979610	0.979422	0.979234	0.979046	0.978858	0.978670	0.978482	0.978294	0.978106	0.977918	
0.979798	0.979798	0.979798	0.979798	0.979798	0.979798	0.979798	0.979798	0.979798	0.979798	0.979798	0.979798	0.979798	0.979798	0.979798	0.979798	0.979798	0.979798	0.979798	0.979798	0.979798	0.979798	0.979798	0.979798	0.979798	0.979798	0.979798	0.979798	0.979798	0.979798	0.979798	0.979798	0.979798	0.979798	0.979798	0.979798	0.979798	0.979798	0.979798	0.979798	0.979798	0.979798	0.979798	0.979798	0.979798	0.979798	0.979798	0.979798	0.979798	0.979798	0.979798	0.979798	0.979798	0.979798	0.979798	0.979798	0.979798	0.979798	0.979798	0.979798	0.979798	0.979798	0.979798	0.979798	0.979798	0.979798	0.979798	0.979798	0.979798	0.979798	0.979798	0.979798	0.979798	0.979798	0.979798	0.979798	0.979798	0.979798	0.979798	0.979798	0.979798	0.979798	0.979798	0.979798	0.979798	0.979798	0.979798	0.979798	0.979798	0.979798	0.979798	0.979798	0.979798	0.979798	0.979798	0.979798	0.979798	0.979612	0.979425	0.979239	0.979053	0.978867	0.978680	0.978494	0.978308	0.978122	0.977935	0.977749	
0.979798	0.979798	0.979798	0.979798	0.979798	0.979798	0.979798	0.979798	0.979798	0.979798	0.979798	0.979798	0.979798	0.979798	0.979798	0.979798	0.979798	0.979798	0.979798	0.979798	0.979798	0.979798	0.979798	0.979798	0.979798	0.979798	0.979798	0.979798	0.979798	0.979798	0.979798	0.979798	0.979798	0.979798	0.979798	0.979798	0.979798	0.979798	0.979798	0.979798	0.979798	0.979798	0.979798	0.979798	0.979798	0.979798	0.979798	0.979798	0.979798	0.979798	0.979798	0.979798	0.979798	0.979798	0.979798	0.979798	0.979798	0.979798	0.979798	0.979798	0.979798	0.979798	0.979798	0.979798	0.979798	0.979798	0.979798	0.979798	0.979798	0.979798	0.979798	0.979798	0.979798	0.979798	0.979798	0.979798	0.979798	0.979798	0.979798	0.979798	0.979798	0.979798	0.979798	0.979798	0.979798	0.979798	0.979798	0.979798	0.979798	0.979798	0.979798	0.979798	0.979798	0.979798	0.979798	0.979798	0.979798	0.979798	0.979798	0.979798	0.979596	0.979395	0.979193	0.978991	0.978790	0.978588	0.978386	0.978185	0.977983	0.977781	0.977579	
0.979798	0.979798	0.979798	0.979798	0.979798	0.979798	0.979798	0.979798	0.979798	0.979798	0.979798	0.979798	0.979798	0.979798	0.979798	0.979798	0.979798	0.979798	0.979798	0.979798	0.979798	0.979798	0.979798	0.979798	0.979798	0.979798	0.979798	0.979798	0.979798	0.979798	0.979798	0.979798	0.979798	0.979798	0.979798	0.979798	0.979798	0.979798	0.979798	0.979798	0.979798	0.979798	0.979798	0.979798	0.979798	0.979798	0.979798	0.979798	0.979798	0.979798	0.979798	0.979798	0.979798	0.979798	0.979798	0.979798	0.979798	0.979798	0.979798	0.979798	0.979798	0.979798	0.979798	0.979798	0.979798	0.979798	0.979798	0.979798	0.979798	0.979798	0.979798	0.979798	0.979798	0.979798	0.979798	0.979798	0.979798	0.979798	0.979798	0.979798	0.979798	0.979798	0.979798	0.979798	0.979798	0.979798	0.979798	0.979798	0.979798	0.979798	0.979798	0.979798	0.979798	0.979798	0.979798	0.979798	0.979798	0.979798	0.979798	0.979798	0.979798	0.979798	0.979798	0.979581	0.979364	0.979147	0.978930	0.978713	0.978495	0.978278	0.978061	0.977844	0.977627	0.977410	
0.979798	0.979798	0.979798	0.979798	0.979798	0.979798	0.979798	0.979798	0.979798	0.979798	0.979798	0.979798	0.979798	0.979798	0.979798	0.979798	0.979798	0.979798	0.979798	0.979798	0.979798	0.979798	0.979798	0.979798	0.979798	0.979798	0.979798	0.979798	0.979798	0.979798	0.979798	0.979798	0.979798	0.979798	0.979798	0.979798	0.979798	0.979798	0.979798	0.979798	0.979798	0.979798	0.979798	0.979798	0.979798	0.979798	0.979798	0.979798	0.979798	0.979798	0.979798	0.979798	0.979798	0.979798	0.979798	0.979798	0.979798	0.979798	0.979798	0.979798	0.979798	0.979798	0.979798	0.979798	0.979798	0.979798	0.979798	0.979798	0.979798	0.979798	0.979798	0.979798	0.979798	0.979798	0.979798	0.979798	0.979798	0.979798	0.979798	0.979798	0.979798	0.979798	0.979798	0.979798	0.979798	0.979798	0.979798	0.979798	0.979798	0.979798	0.979798	0.979798	0.979798	0.979798	0.979798	0.979798	0.979798	0.979798	0.979798	0.979798	0.979798	0.979798	0.979798	0.979798	0.979798	0.979798	0.979565	0.979333	0.979100	0.978868	0.978635	0.978403	0.978170	0.977938	0.977705	0.977473	0.977240	
0.979798	0.979798	0.979798	0.979798	0.979798	0.979798	0.979798	0.979798	0.979798	0.979798	0.979798	0.979798	0.979798	0.979798	0.979798	0.979798	0.979798	0.979798	0.979798	0.979798	0.979798	0.979798	0.979798	0.979798	0.979798	0.979798	0.979798	0.979798	0.979798	0.979798	0.979798	0.979798	0.979798	0.979798	0.979798	0.979798	0.979798	0.979798	0.979798	0.979798	0.979798	0.979798	0.979798	0.979798	0.979798	0.979798	0.979798	0.979798	0.979798	0.979798	0.979798	0.979798	0.979798	0.979798	0.979798	0.979798	0.979798	0.979798	0.979798	0.979798	0.979798	0.979798	0.979798	0.979798	0.979798	0.979798	0.979798	0.979798	0.979798	0.979798	0.979798	0.979798	0.979798	0.979798	0.979798	0.979798	0.979798	0.979798	0.979798	0.979798	0.979798	0.979798	0.979798	0.979798	0.979798	0.979798	0.979798	0.979798	0.979798	0.979798	0.979798	0.979798	0.979798	0.979798	0.979798	0.979798	0.979798	0.979798	0.979798	0.979798	0.979798	0.979798	0.979798	0.979798	0.979798	0.979798	0.979798	0.979798	0.979798	0.979550	0.979302	0.979054	0.978806	0.978558	0.978310	0.978063	0.977815	0.977567	0.977319	0.977071	
0.979798	0.979798	0.979798	0.979798	0.979798	0.979798	0.979798	0.979798	0.979798	0.979798	0.979798	0.979798	0.979798	0.979798	0.979798	0.979798	0.979798	0.979798	0.979798	0.979798	0.979798	0.979798	0.979798	0.979798	0.979798	0.979798	0.979798	0.979798	0.979798	0.979798	0.979798	0.979798	0.979798	0.979798	0.979798	0.979798	0.979798	0.979798	0.979798	0.979798	0.979798	0.979798	0.979798	0.979798	0.979798	0.979798	0.979798	0.979798	0.979798	0.979798	0.979798	0.979798	0.979798	0.979798	0.979798	0.979798	0.979798	0.979798	0.979798	0.979798	0.979798	0.979798	0.979798	0.979798	0.979798	0.979798	0.979798	0.979798	0.979798	0.979798	0.979798	0.979798	0.979798	0.979798	0.979798	0.979798	0.979798	0.979798	0.979798	0.979798	0.979798	0.979798	0.979798	0.979798	0.979798	0.979798	0.979798	0.979798	0.979798	0.979798	0.979798	0.979798	0.979798	0.979798	0.979798	0.979798	0.979798	0.979798	0.979798	0.979798	0.979798	0.979798	0.979798	0.979798	0.979798	0.979798	0.979798	0.979798	0.979798	0.979798	0.979798	0.979798	0.979535	0.979271	0.979008	0.978745	0.978481	0.978218	0.977955	0.977691	0.977428	0.977165	0.976901	
0.979798	0.979798	0.979798	0.979798	0.979798	0.979798	0.979798	0.979798	0.979798	0.979798	0.979798	0.979798	0.979798	0.979798	0.979798	0.979798	0.979798	0.979798	0.979798	0.979798	0.979798	0.979798	0.979798	0.979798	0.979798	0.979798	0.979798	0.979798	0.979798	0.979798	0.979798	0.979798	0.979798	0.979798	0.979798	0.979798	0.979798	0.979798	0.979798	0.979798	0.979798	0.979798	0.979798	0.979798	0.979798	0.979798	0.979798	0.979798	0.979798	0.979798	0.979798	0.979798	0.979798	0.979798	0.979798	0.979798	0.979798	0.979798	0.979798	0.979798	0.979798	0.979798	0.979798	0.979798	0.979798	0.979798	0.979798	0.979798	0.979798	0.979798	0.979798	0.979798	0.979798	0.979798	0.979798	0.979798	0.979798	0.979798	0.979798	0.979798	0.979798	0.979798	0.979798	0.979798	0.979798	0.979798	0.979798	0.979798	0.979798	0.979798	0.979798	0.979798	0.979798	0.979798	0.979798	0.979798	0.979798	0.979798	0.979798	0.979798	0.979798	0.979798	0.979798	0.979798	0.979798	0.979798	0.979798	0.979798	0.979798	0.979798	0.979798	0.979798	0.979798	0.979798	0.979798	0.979519	0.979241	0.978962	0.978683	0.978404	0.978126	0.977847	0.977568	0.977289	0.977011	0.976732	
0.979798	0.979798	0.979798	0.979798	0.979798	0.979798	0.979798	0.979798	0.979798	0.979798	0.979798	0.979798	0.979798	0.979798	0.979798	0.979798	0.979798	0.979798	0.979798	0.979798	0.979798	0.979798	0.979798	0.979798	0.979798	0.979798	0.979798	0.979798	0.979798	0.979798	0.979798	0.979798	0.979798	0.979798	0.979798	0.979798	0.979798	0.979798	0.979798	0.979798	0.979798	0.979798	0.979798	0.979798	0.979798	0.979798	0.979798	0.979798	0.979798	0.979798	0.979798	0.979798	0.979798	0.979798	0.979798	0.979798	0.979798	0.979798	0.979798	0.979798	0.979798	0.979798	0.979798	0.979798	0.979798	0.979798	0.979798	0.979798	0.979798	0.979798	0.979798	0.979798	0.979798	0.979798	0.979798	0.979798	0.979798	0.979798	0.979798	0.979798	0.979798	0.979798	0.979798	0.979798	0.979798	0.979798	0.979798	0.979798	0.979798	0.979798	0.979798	0.979798	0.979798	0.979798	0.979798	0.979798	0.979798	0.979798	0.979798	0.979798	0.979798	0.979798	0.979798	0.979798	0.979798	0.979798	0.979798	0.979798	0.979798	0.979798	0.979798	0.979798	0.979798	0.979798	0.979798	0.979798	0.979798	0.979504	0.979210	0.978916	0.978621	0.978327	0.978033	0.977739	0.977445	0.977151	0.976857	0.976562	
0.979798	0.979798	0.979798	0.979798	0.979798	0.979798	0.979798	0.979798	0.979798	0.979798	0.979798	0.979798	0.979798	0.979798	0.979798	0.979798	0.979798	0.979798	0.979798	0.979798	0.979798	0.979798	0.979798	0.979798	0.979798	0.979798	0.979798	0.979798	0.979798	0.979798	0.979798	0.979798	0.979798	0.979798	0.979798	0.979798	0.979798	0.979798	0.979798	0.979798	0.979798	0.979798	0.979798	0.979798	0.979798	0.979798	0.979798	0.979798	0.979798	0.979798	0.979798	0.979798	0.979798	0.979798	0.979798	0.979798	0.979798	0.979798	0.979798	0.979798	0.979798	0.979798	0.979798	0.979798	0.979798	0.979798	0.979798	0.979798	0.979798	0.979798	0.979798	0.979798	0.979798	0.979798	0.979798	0.979798	0.979798	0.979798	0.979798	0.979798	0.979798	0.979798	0.979798	0.979798	0.979798	0.979798	0.979798	0.979798	0.979798	0.979798	0.979798	0.979798	0.979798	0.979798	0.979798	0.979798	0.979798	0.979798	0.979798	0.979798	0.979798	0.979798	0.979798	0.979798	0.979798	0.979798	0.979798	0.979798	0.979798	0.979798	0.979798	0.979798	0.979798	0.979798	0.979798	0.979798	0.979798	0.979798	0.979798	0.979798	0.979488	0.979179	0.978869	0.978560	0.978250	0.977941	0.977631	0.977322	0.977012	0.976702	0.976393	
0.979798	0.979798	0.979798	0.979798	0.979798	0.979798	0.979798	0.979798	0.979798	0.979798	0.979798	0.979798	0.979798	0.979798	0.979798	0.979798	0.979798	0.979798	0.979798	0.979798	0.979798	0.979798	0.979798	0.979798	0.979798	0.979798	0.979798	0.979798	0.979798	0.979798	0.979798	0.979798	0.979798	0.979798	0.979798	0.979798	0.979798	0.979798	0.979798	0.979798	0.979798	0.979798	0.979798	0.979798	0.979798	0.979798	0.979798	0.979798	0.979798	0.979798	0.979798	0.979798	0.979798	0.979798	0.979798	0.979798	0.979798	0.979798	0.979798	0.979798	0.979798	0.979798	0.979798	0.979798	0.979798	0.979798	0.979798	0.979798	0.979798	0.979798	0.979798	0.979798	0.979798	0.979798	0.979798	0.979798	0.979798	0.979798	0.979798	0.979798	0.979798	0.979798	0.979798	0.979798	0.979798	0.979798	0.979798	0.979798	0.979798	0.979798	0.979798	0.979798	0.979798	0.979798	0.979798	0.979798	0.979798	0.979798	0.979798	0.979798	0.979798	0.979798	0.979798	0.979798	0.979798	0.979798	0.979798	0.979798	0.979798	0.979798	0.979798	0.979798	0.979798	0.979798	0.979798	0.979798	0.979798	0.979798	0.979798	0.979798	0.979798	0.979798	0.979798	0.979798	0.979473	0.979148	0.978823	0.978498	0.978173	0.977848	0.977523	0.977198	0.976873	0.976548	0.976223	
0.979798	0.979798	0.979798	0.979798	0.979798	0.979798	0.979798	0.979798	0.979798	0.979798	0.979798	0.979798	0.979798	0.979798	0.979798	0.979798	0.979798	0.979798	0.979798	0.979798	0.979798	0.979798	0.979798	0.979798	0.979798	0.979798	0.979798	0.979798	0.979798	0.979798	0.979798	0.979798	0.979798	0.979798	0.979798	0.979798	0.979798	0.979798	0.979798	0.979798	0.979798	0.979798	0.979798	0.979798	0.979798	0.979798	0.979798	0.979798	0.979798	0.979798	0.979798	0.979798	0.979798	0.979798	0.979798	0.979798	0.979798	0.979798	0.979798	0.979798	0.979798	0.979798	0.979798	0.979798	0.979798	0.979798	0.979798	0.979798	0.979798	0.979798	0.979798	0.979798	0.979798	0.979798	0.979798	0.979798	0.979798	0.979798	0.979798	0.979798	0.979798	0.979798	0.979798	0.979798	0.979798	0.979798	0.979798	0.979798	0.979798	0.979798	0.979798	0.979798	0.979798	0.979798	0.979798	0.979798	0.979798	0.979798	0.979798	0.979798	0.979798	0.979798	0.979798	0.979798	0.979798	0.979798	0.979798	0.979798	0.979798	0.979798	0.979798	0.979798	0.979798	0.979798	0.979798	0.979798	0.979798	0.979798	0.979798	0.979798	0.979798	0.979798	0.979798	0.979798	0.979798	0.979798	0.979798	0.979458	0.979117	0.978777	0.978436	0.978096	0.977756	0.977415	0.977075	0.976735	0.976394	0.976054	
0.979798	0.979798	0.979798	0.979798	0.979798	0.979798	0.979798	0.979798	0.979798	0.979798	0.979798	0.979798	0.979798	0.979798	0.979798	0.979798	0.979798	0.979798	0.979798	0.979798	0.979798	0.979798	0.979798	0.979798	0.979798	0.979798	0.979798	0.979798	0.979798	0.979798	0.979798	0.979798	0.979798	0.979798	0.979798	0.979798	0.979798	0.979798	0.979798	0.979798	0.979798	0.979798	0.979798	0.979798	0.979798	0.979798	0.979798	0.979798	0.979798	0.979798	0.979798	0.979798	0.979798	0.979798	0.979798	0.979798	0.979798	0.979798	0.979798	0.979798	0.979798	0.979798	0.979798	0.979798	0.979798	0.979798	0.979798	0.979798	0.979798	0.979798	0.979798	0.979798	0.979798	0.979798	0.979798	0.979798	0.979798	0.979798	0.979798	0.979798	0.979798	0.979798	0.979798	0.979798	0.979798	0.979798	0.979798	0.979798	0.979798	0.979798	0.979798	0.979798	0.979798	0.979798	0.979798	0.979798	0.979798	0.979798	0.979798	0.979798	0.979798	0.979798	0.979798	0.979798	0.979798	0.979798	0.979798	0.979798	0.979798	0.979798	0.979798	0.979798	0.979798	0.979798	0.979798	0.979798	0.979798	0.979798	0.979798	0.979798	0.979798	0.979798	0.979798	0.979798	0.979798	0.979798	0.979798	0.979798	0.979798	0.979798	0.979442	0.979086	0.978731	0.978375	0.978019	0.977663	0.977307	0.976952	0.976596	0.976240	0.975884	
0.979798	0.979798	0.979798	0.979798	0.979798	0.979798	0.979798	0.979798	0.979798	0.979798	0.979798	0.979798	0.979798	0.979798	0.979798	0.979798	0.979798	0.979798	0.979798	0.979798	0.979798	0.979798	0.979798	0.979798	0.979798	0.979798	0.979798	0.979798	0.979798	0.979798	0.979798	0.979798	0.979798	0.979798	0.979798	0.979798	0.979798	0.979798	0.979798	0.979798	0.979798	0.979798	0.979798	0.979798	0.979798	0.979798	0.979798	0.979798	0.979798	0.979798	0.979798	0.979798	0.979798	0.979798	0.979798	0.979798	0.979798	0.979798	0.979798	0.979798	0.979798	0.979798	0.979798	0.979798	0.979798	0.979798	0.979798	0.979798	0.979798	0.979798	0.979798	0.979798	0.979798	0.979798	0.979798	0.979798	0.979798	0.979798	0.979798	0.979798	0.979798	0.979798	0.979798	0.979798	0.979798	0.979798	0.979798	0.979798	0.979798	0.979798	0.979798	0.979798	0.979798	0.979798	0.979798	0.979798	0.979798	0.979798	0.979798	0.979798	0.979798	0.979798	0.979798	0.979798	0.979798	0.979798	0.979798	0.979798	0.979798	0.979798	0.979798	0.979798	0.979798	0.979798	0.979798	0.979798	0.979798	0.979798	0.979798	0.979798	0.979798	0.979798	0.979798	0.979798	0.979798	0.979798	0.979798	0.979798	0.979798	0.979798	0.979798	0.979798	0.979798	0.979427	0.979056	0.978684	0.978313	0.977942	0.977571	0.977200	0.976828	0.976457	0.976086	0.975715	
0.979798	0.979798	0.979798	0.979798	0.979798	0.979798	0.979798	0.979798	0.979798	0.979798	0.979798	0.979798	0.979798	0.979798	0.979798	0.979798	0.979798	0.979798	0.979798	0.979798	0.979798	0.979798	0.979798	0.979798	0.979798	0.979798	0.979798	0.979798	0.979798	0.979798	0.979798	0.979798	0.979798	0.979798	0.979798	0.979798	0.979798	0.979798	0.979798	0.979798	0.979798	0.979798	0.979798	0.979798	0.979798	0.979798	0.979798	0.979798	0.979798	0.979798	0.979798	0.979798	0.979798	0.979798	0.979798	0.979798	0.979798	0.979798	0.979798	0.979798	0.979798	0.979798	0.979798	0.979798	0.979798	0.979798	0.979798	0.979798	0.979798	0.979798	0.979798	0.979798	0.979798	0.979798	0.979798	0.979798	0.979798	0.979798	0.979798	0.979798	0.979798	0.979798	0.979798	0.979798	0.979798	0.979798	0.979798	0.979798	0.979798	0.979798	0.979798	0.979798	0.979798	0.979798	0.979798	0.979798	0.979798	0.979798	0.979798	0.979798	0.979798	0.979798	0.979798	0.979798	0.979798	0.979798	0.979798	0.979798	0.979798	0.979798	0.979798	0.979798	0.979798	0.979798	0.979798	0.979798	0.979798	0.979798	0.979798	0.979798	0.979798	0.979798	0.979798	0.979798	0.979798	0.979798	0.979798	0.979798	0.979798	0.979798	0.979798	0.979798	0.979798	0.979798	0.979798	0.979798	0.979411	0.979025	0.978638	0.978252	0.977865	0.977478	0.977092	0.976705	0.976318	0.975932	0.975545	
0.979798	0.979798	0.979798	0.979798	0.979798	0.979798	0.979798	0.979798	0.979798	0.979798	0.979798	0.979798	0.979798	0.979798	0.979798	0.979798	0.979798	0.979798	0.979798	0.979798	0.979798	0.979798	0.979798	0.979798	0.979798	0.979798	0.979798	0.979798	0.979798	0.979798	0.979798	0.979798	0.979798	0.979798	0.979798	0.979798	0.979798	0.979798	0.979798	0.979798	0.979798	0.979798	0.979798	0.979798	0.979798	0.979798	0.979798	0.979798	0.979798	0.979798	0.979798	0.979798	0.979798	0.979798	0.979798	0.979798	0.979798	0.979798	0.979798	0.979798	0.979798	0.979798	0.979798	0.979798	0.979798	0.979798	0.979798	0.979798	0.979798	0.979798	0.979798	0.979798	0.979798	0.979798	0.979798	0.979798	0.979798	0.979798	0.979798	0.979798	0.979798	0.979798	0.979798	0.979798	0.979798	0.979798	0.979798	0.979798	0.979798	0.979798	0.979798	0.979798	0.979798	0.979798	0.979798	0.979798	0.979798	0.979798	0.979798	0.979798	0.979798	0.979798	0.979798	0.979798	0.979798	0.979798	0.979798	0.979798	0.979798	0.979798	0.979798	0.979798	0.979798	0.979798	0.979798	0.979798	0.979798	0.979798	0.979798	0.979798	0.979798	0.979798	0.979798	0.979798	0.979798	0.979798	0.979798	0.979798	0.979798	0.979798	0.979798	0.979798	0.979798	0.979798	0.979798	0.979798	0.979798	0.979798	0.979798	0.979396	0.978994	0.978592	0.978190	0.977788	0.977386	0.976984	0.976582	0.976180	0.975778	0.975376	
0.979798	0.979798	0.979798	0.979798	0.979798	0.979798	0.979798	0.979798	0.979798	0.979798	0.979798	0.979798	0.979798	0.979798	0.979798	0.979798	0.979798	0.979798	0.979798	0.979798	0.979798	0.979798	0.979798	0.979798	0.979798	0.979798	0.979798	0.979798	0.979798	0.979798	0.979798	0.979798	0.979798	0.979798	0.979798	0.979798	0.979798	0.979798	0.979798	0.979798	0.979798	0.979798	0.979798	0.979798	0.979798	0.979798	0.979798	0.979798	0.979798	0.979798	0.979798	0.979798	0.979798	0.979798	0.979798	0.979798	0.979798	0.979798	0.979798	0.979798	0.979798	0.979798	0.979798	0.979798	0.979798	0.979798	0.979798	0.979798	0.979798	0.979798	0.979798	0.979798	0.979798	0.979798	0.979798	0.979798	0.979798	0.979798	0.979798	0.979798	0.979798	0.979798	0.979798	0.979798	0.979798	0.979798	0.979798	0.979798	0.979798	0.979798	0.979798	0.979798	0.979798	0.979798	0.979798	0.979798	0.979798	0.979798	0.979798	0.979798	0.979798	0.979798	0.979798	0.979798	0.979798	0.979798	0.979798	0.979798	0.979798	0.979798	0.979798	0.979798	0.979798	0.979798	0.979798	0.979798	0.979798	0.979798	0.979798	0.979798	0.979798	0.979798	0.979798	0.979798	0.979798	0.979798	0.979798	0.979798	0.979798	0.979798	0.979798	0.979798	0.979798	0.979798	0.979798	0.979798	0.979798	0.979798	0.979798	0.979798	0.979798	0.979798	0.979381	0.978963	0.978546	0.978128	0.977711	0.977293	0.976876	0.976459	0.976041	0.975624	0.975206	
0.979798	0.979798	0.979798	0.979798	0.979798	0.979798	0.979798	0.979798	0.979798	0.979798	0.979798	0.979798	0.979798	0.979798	0.979798	0.979798	0.979798	0.979798	0.979798	0.979798	0.979798	0.979798	0.979798	0.979798	0.979798	0.979798	0.979798	0.979798	0.979798	0.979798	0.979798	0.979798	0.979798	0.979798	0.979798	0.979798	0.979798	0.979798	0.979798	0.979798	0.979798	0.979798	0.979798	0.979798	0.979798	0.979798	0.979798	0.979798	0.979798	0.979798	0.979798	0.979798	0.979798	0.979798	0.979798	0.979798	0.979798	0.979798	0.979798	0.979798	0.979798	0.979798	0.979798	0.979798	0.979798	0.979798	0.979798	0.979798	0.979798	0.979798	0.979798	0.979798	0.979798	0.979798	0.979798	0.979798	0.979798	0.979798	0.979798	0.979798	0.979798	0.979798	0.979798	0.979798	0.979798	0.979798	0.979798	0.979798	0.979798	0.979798	0.979798	0.979798	0.979798	0.979798	0.979798	0.979798	0.979798	0.979798	0.979798	0.979798	0.979798	0.979798	0.979798	0.979798	0.979798	0.979798	0.979798	0.979798	0.979798	0.979798	0.979798	0.979798	0.979798	0.979798	0.979798	0.979798	0.979798	0.979798	0.979798	0.979798	0.979798	0.979798	0.979798	0.979798	0.979798	0.979798	0.979798	0.979798	0.979798	0.979798	0.979798	0.979798	0.979798	0.979798	0.979798	0.979798	0.979798	0.979798	0.979798	0.979798	0.979798	0.979798	0.979798	0.979798	0.979798	0.979365	0.978932	0.978499	0.978067	0.977634	0.977201	0.976768	0.976335	0.975902	0.975470	0.975037	
0.979798	0.979798	0.979798	0.979798	0.979798	0.979798	0.979798	0.979798	0.979798	0.979798	0.979798	0.979798	0.979798	0.979798	0.979798	0.979798	0.979798	0.979798	0.979798	0.979798	0.979798	0.979798	0.979798	0.979798	0.979798	0.979798	0.979798	0.979798	0.979798	0.979798	0.979798	0.979798	0.979798	0.979798	0.979798	0.979798	0.979798	0.979798	0.979798	0.979798	0.979798	0.979798	0.979798	0.979798	0.979798	0.979798	0.979798	0.979798	0.979798	0.979798	0.979798	0.979798	0.979798	0.979798	0.979798	0.979798	0.979798	0.979798	0.979798	0.979798	0.979798	0.979798	0.979798	0.979798	0.979798	0.979798	0.979798	0.979798	0.979798	0.979798	0.979798	0.979798	0.979798	0.979798	0.979798	0.979798	0.979798	0.979798	0.979798	0.979798	0.979798	0.979798	0.979798	0.979798	0.979798	0.979798	0.979798	0.979798	0.979798	0.979798	0.979798	0.979798	0.979798	0.979798	0.979798	0.979798	0.979798	0.979798	0.979798	0.979798	0.979798	0.979798	0.979798	0.979798	0.979798	0.979798	0.979798	0.979798	0.979798	0.979798	0.979798	0.979798	0.979798	0.979798	0.979798	0.979798	0.979798	0.979798	0.979798	0.979798	0.979798	0.979798	0.979798	0.979798	0.979798	0.979798	0.979798	0.979798	0.979798	0.979798	0.979798	0.979798	0.979798	0.979798	0.979798	0.979798	0.979798	0.979798	0.979798	0.979798	0.979798	0.979798	0.979798	0.979798	0.979798	0.979798	0.979798	0.979798	0.979350	0.978901	0.978453	0.978005	0.977557	0.977108	0.976660	0.976212	0.975764	0.975315	0.974867	
0.979798	0.979798	0.979798	0.979798	0.979798	0.979798	0.979798	0.979798	0.979798	0.979798	0.979798	0.979798	0.979798	0.979798	0.979798	0.979798	0.979798	0.979798	0.979798	0.979798	0.979798	0.979798	0.979798	0.979798	0.979798	0.979798	0.979798	0.979798	0.979798	0.979798	0.979798	0.979798	0.979798	0.979798	0.979798	0.979798	0.979798	0.979798	0.979798	0.979798	0.979798	0.979798	0.979798	0.979798	0.979798	0.979798	0.979798	0.979798	0.979798	0.979798	0.979798	0.979798	0.979798	0.979798	0.979798	0.979798	0.979798	0.979798	0.979798	0.979798	0.979798	0.979798	0.979798	0.979798	0.979798	0.979798	0.979798	0.979798	0.979798	0.979798	0.979798	0.979798	0.979798	0.979798	0.979798	0.979798	0.979798	0.979798	0.979798	0.979798	0.979798	0.979798	0.979798	0.979798	0.979798	0.979798	0.979798	0.979798	0.979798	0.979798	0.979798	0.979798	0.979798	0.979798	0.979798	0.979798	0.979798	0.979798	0.979798	0.979798	0.979798	0.979798	0.979798	0.979798	0.979798	0.979798	0.979798	0.979798	0.979798	0.979798	0.979798	0.979798	0.979798	0.979798	0.979798	0.979798	0.979798	0.979798	0.979798	0.979798	0.979798	0.979798	0.979798	0.979798	0.979798	0.979798	0.979798	0.979798	0.979798	0.979798	0.979798	0.979798	0.979798	0.979798	0.979798	0.979798	0.979798	0.979798	0.979798	0.979798	0.979798	0.979798	0.979798	0.979798	0.979798	0.979798	0.979798	0.979798	0.979798	0.979798	0.979334	0.978871	0.978407	0.977943	0.977480	0.977016	0.976552	0.976089	0.975625	0.975161	0.974698	
0.979798	0.979798	0.979798	0.979798	0.979798	0.979798	0.979798	0.979798	0.979798	0.979798	0.979798	0.979798	0.979798	0.979798	0.979798	0.979798	0.979798	0.979798	0.979798	0.979798	0.979798	0.979798	0.979798	0.979798	0.979798	0.979798	0.979798	0.979798	0.979798	0.979798	0.979798	0.979798	0.979798	0.979798	0.979798	0.979798	0.979798	0.979798	0.979798	0.979798	0.979798	0.979798	0.979798	0.979798	0.979798	0.979798	0.979798	0.979798	0.979798	0.979798	0.979798	0.979798	0.979798	0.979798	0.979798	0.979798	0.979798	0.979798	0.979798	0.979798	0.979798	0.979798	0.979798	0.979798	0.979798	0.979798	0.979798	0.979798	0.979798	0.979798	0.979798	0.979798	0.979798	0.979798	0.979798	0.979798	0.979798	0.979798	0.979798	0.979798	0.979798	0.979798	0.979798	0.979798	0.979798	0.979798	0.979798	0.979798	0.979798	0.979798	0.979798	0.979798	0.979798	0.979798	0.979798	0.979798	0.979798	0.979798	0.979798	0.979798	0.979798	0.979798	0.979798	0.979798	0.979798	0.979798	0.979798	0.979798	0.979798	0.979798	0.979798	0.979798	0.979798	0.979798	0.979798	0.979798	0.979798	0.979798	0.979798	0.979798	0.979798	0.979798	0.979798	0.979798	0.979798	0.979798	0.979798	0.979798	0.979798	0.979798	0.979798	0.979798	0.979798	0.979798	0.979798	0.979798	0.979798	0.979798	0.979798	0.979798	0.979798	0.979798	0.979798	0.979798	0.979798	0.979798	0.979798	0.979798	0.979798	0.979798	0.979798	0.979319	0.978840	0.978361	0.977882	0.977403	0.976924	0.976444	0.975965	0.975486	0.975007	0.974528	
0.979798	0.979798	0.979798	0.979798	0.979798	0.979798	0.979798	0.979798	0.979798	0.979798	0.979798	0.979798	0.979798	0.979798	0.979798	0.979798	0.979798	0.979798	0.979798	0.979798	0.979798	0.979798	0.979798	0.979798	0.979798	0.979798	0.979798	0.979798	0.979798	0.979798	0.979798	0.979798	0.979798	0.979798	0.979798	0.979798	0.979798	0.979798	0.979798	0.979798	0.979798	0.979798	0.979798	0.979798	0.979798	0.979798	0.979798	0.979798	0.979798	0.979798	0.979798	0.979798	0.979798	0.979798	0.979798	0.979798	0.979798	0.979798	0.979798	0.979798	0.979798	0.979798	0.979798	0.979798	0.979798	0.979798	0.979798	0.979798	0.979798	0.979798	0.979798	0.979798	0.979798	0.979798	0.979798	0.979798	0.979798	0.979798	0.979798	0.979798	0.979798	0.979798	0.979798	0.979798	0.979798	0.979798	0.979798	0.979798	0.979798	0.979798	0.979798	0.979798	0.979798	0.979798	0.979798	0.979798	0.979798	0.979798	0.979798	0.979798	0.979798	0.979798	0.979798	0.979798	0.979798	0.979798	0.979798	0.979798	0.979798	0.979798	0.979798	0.979798	0.979798	0.979798	0.979798	0.979798	0.979798	0.979798	0.979798	0.979798	0.979798	0.979798	0.979798	0.979798	0.979798	0.979798	0.979798	0.979798	0.979798	0.979798	0.979798	0.979798	0.979798	0.979798	0.979798	0.979798	0.979798	0.979798	0.979798	0.979798	0.979798	0.979798	0.979798	0.979798	0.979798	0.979798	0.979798	0.979798	0.979798	0.979798	0.979798	0.979798	0.979304	0.978809	0.978315	0.977820	0.977326	0.976831	0.976337	0.975842	0.975348	0.974853	0.974359	
0.979039	0.979121	0.979798	0.979798	0.979798	0.979798	0.979798	0.979798	0.979798	0.979798	0.979798	0.979798	0.979798	0.979798	0.979798	0.979798	0.979798	0.979798	0.979798	0.979798	0.979798	0.979798	0.979798	0.979798	0.979798	0.979798	0.979798	0.979798	0.979798	0.979798	0.979798	0.979798	0.979798	0.979798	0.979798	0.979798	0.979798	0.979798	0.979798	0.979798	0.979798	0.979798	0.979798	0.979798	0.979798	0.979798	0.979798	0.979798	0.979798	0.979798	0.979798	0.979798	0.979798	0.979798	0.979798	0.979798	0.979798	0.979798	0.979798	0.979798	0.979798	0.979798	0.979798	0.979798	0.979798	0.979798	0.979798	0.979798	0.979798	0.979798	0.979798	0.979798	0.979798	0.979798	0.979798	0.979798	0.979798	0.979798	0.979798	0.979798	0.979798	0.979798	0.979798	0.979798	0.979798	0.979798	0.979798	0.979798	0.979798	0.979798	0.979798	0.979798	0.979798	0.979798	0.979798	0.979798	0.979798	0.979798	0.979798	0.979798	0.979798	0.979798	0.979798	0.979798	0.979798	0.979798	0.979798	0.979798	0.979798	0.979798	0.979798	0.979798	0.979798	0.979798	0.979798	0.979798	0.979798	0.979798	0.979798	0.979798	0.979798	0.979798	0.979798	0.979798	0.979798	0.979798	0.979798	0.979798	0.979798	0.979798	0.979798	0.979798	0.979798	0.979798	0.979798	0.979798	0.979798	0.979798	0.979798	0.979798	0.979798	0.979798	0.979798	0.979798	0.979798	0.979798	0.979798	0.979798	0.979798	0.979798	0.979798	0.979798	0.979798	0.979798	0.979798	0.979288	0.978778	0.978268	0.977758	0.977249	0.976739	0.976229	0.975719	0.975209	0.974699	0.974189	
0.979067	0.979123	0.979178	0.979234	0.979798	0.979798	0.979798	0.979798	0.979798	0.979798	0.979798	0.979798	0.979798	0.979798	0.979798	0.979798	0.979798	0.979798	0.979798	0.979798	0.979798	0.979798	0.979798	0.979798	0.979798	0.979798	0.979798	0.979798	0.979798	0.979798	0.979798	0.979798	0.979798	0.979798	0.979798	0.979798	0.979798	0.979798	0.979798	0.979798	0.979798	0.979798	0.979798	0.979798	0.979798	0.979798	0.979798	0.979798	0.979798	0.979798	0.979798	0.979798	0.979798	0.979798	0.979798	0.979798	0.979798	0.979798	0.979798	0.979798	0.979798	0.979798	0.979798	0.979798	0.979798	0.979798	0.979798	0.979798	0.979798	0.979798	0.979798	0.979798	0.979798	0.979798	0.979798	0.979798	0.979798	0.979798	0.979798	0.979798	0.979798	0.979798	0.979798	0.979798	0.979798	0.979798	0.979798	0.979798	0.979798	0.979798	0.979798	0.979798	0.979798	0.979798	0.979798	0.979798	0.979798	0.979798	0.979798	0.979798	0.979798	0.979798	0.979798	0.979798	0.979798	0.979798	0.979798	0.979798	0.979798	0.979798	0.979798	0.979798	0.979798	0.979798	0.979798	0.979798	0.979798	0.979798	0.979798	0.979798	0.979798	0.979798	0.979798	0.979798	0.979798	0.979798	0.979798	0.979798	0.979798	0.979798	0.979798	0.979798	0.979798	0.979798	0.979798	0.979798	0.979798	0.979798	0.979798	0.979798	0.979798	0.979798	0.979798	0.979798	0.979798	0.979798	0.979798	0.979798	0.979798	0.979798	0.979798	0.979798	0.979798	0.979798	0.979798	0.979798	0.979798	0.979798	0.979273	0.978747	0.978222	0.977697	0.977171	0.976646	0.976121	0.975596	0.975070	0.974545	0.974020	
0.979096	0.977709	0.977884	0.979247	0.979297	0.979347	0.979798	0.979798	0.979798	0.979798	0.979798	0.979798	0.979798	0.979798	0.979798	0.979798	0.979798	0.979798	0.979798	0.979798	0.979798	0.979798	0.979798	0.979798	0.979798	0.979798	0.979798	0.979798	0.979798	0.979798	0.979798	0.979798	0.979798	0.979798	0.979798	0.979798	0.979798	0.979798	0.979798	0.979798	0.979798	0.979798	0.979798	0.979798	0.979798	0.979798	0.979798	0.979798	0.979798	0.979798	0.979798	0.979798	0.979798	0.979798	0.979798	0.979798	0.979798	0.979798	0.979798	0.979798	0.979798	0.979798	0.979798	0.979798	0.979798	0.979798	0.979798	0.979798	0.979798	0.979798	0.979798	0.979798	0.979798	0.979798	0.979798	0.979798	0.979798	0.979798	0.979798	0.979798	0.979798	0.979798	0.979798	0.979798	0.979798	0.979798	0.979798	0.979798	0.979798	0.979798	0.979798	0.979798	0.979798	0.979798	0.979798	0.979798	0.979798	0.979798	0.979798	0.979798	0.979798	0.979798	0.979798	0.979798	0.979798	0.979798	0.979798	0.979798	0.979798	0.979798	0.979798	0.979798	0.979798	0.979798	0.979798	0.979798	0.979798	0.979798	0.979798	0.979798	0.979798	0.979798	0.979798	0.979798	0.979798	0.979798	0.979798	0.979798	0.979798	0.979798	0.979798	0.979798	0.979798	0.979798	0.979798	0.979798	0.979798	0.979798	0.979798	0.979798	0.979798	0.979798	0.979798	0.979798	0.979798	0.979798	0.979798	0.979798	0.979798	0.979798	0.979798	0.979798	0.979798	0.979798	0.979798	0.979798	0.979798	0.979798	0.979798	0.979798	0.979798	0.979257	0.978717	0.978176	0.977635	0.977094	0.976554	0.976013	0.975472	0.974932	0.974391	0.973850	
0.979125	0.977795	0.977896	0.977998	0.978099	0.978201	0.979413	0.979461	0.979798	0.979798	0.979798	0.979798	0.979798	0.979798	0.979798	0.979798	0.979798	0.979798	0.979798	0.979798	0.979798	0.979798	0.979798	0.979798	0.979798	0.979798	0.979798	0.979798	0.979798	0.979798	0.979798	0.979798	0.979798	0.979798	0.979798	0.979798	0.979798	0.979798	0.979798	0.979798	0.979798	0.979798	0.979798	0.979798	0.979798	0.979798	0.979798	0.979798	0.979798	0.979798	0.979798	0.979798	0.979798	0.979798	0.979798	0.979798	0.979798	0.979798	0.979798	0.979798	0.979798	0.979798	0.979798	0.979798	0.979798	0.979798	0.979798	0.979798	0.979798	0.979798	0.979798	0.979798	0.979798	0.979798	0.979798	0.979798	0.979798	0.979798	0.979798	0.979798	0.979798	0.979798	0.979798	0.979798	0.979798	0.979798	0.979798	0.979798	0.979798	0.979798	0.979798	0.979798	0.979798	0.979798	0.979798	0.979798	0.979798	0.979798	0.979798	0.979798	0.979798	0.979798	0.979798	0.979798	0.979798	0.979798	0.979798	0.979798	0.979798	0.979798	0.979798	0.979798	0.979798	0.979798	0.979798	0.979798	0.979798	0.979798	0.979798	0.979798	0.979798	0.979798	0.979798	0.979798	0.979798	0.979798	0.979798	0.979798	0.979798	0.979798	0.979798	0.979798	0.979798	0.979798	0.979798	0.979798	0.979798	0.979798	0.979798	0.979798	0.979798	0.979798	0.979798	0.979798	0.979798	0.979798	0.979798	0.979798	0.979798	0.979798	0.979798	0.979798	0.979798	0.979798	0.979798	0.979798	0.979798	0.979798	0.979798	0.979798	0.979798	0.979798	0.979798	0.979798	0.979242	0.978686	0.978130	0.977573	0.977017	0.976461	0.975905	0.975349	0.974793	0.974237	0.973681	
0.977880	0.977971	0.978062	0.978153	0.978244	0.978335	0.978427	0.978518	0.979574	0.979798	0.979798	0.979798	0.979798	0.979798	0.979798	0.979798	0.977307	0.977548	0.979798	0.979798	0.979798	0.979798	0.979798	0.979798	0.979798	0.979798	0.979798	0.979798	0.979798	0.979798	0.979798	0.979798	0.979798	0.979798	0.979798	0.979798	0.979798	0.979798	0.979798	0.979798	0.979798	0.979798	0.979798	0.979798	0.979798	0.979798	0.979798	0.979798	0.979798	0.979798	0.979798	0.979798	0.979798	0.979798	0.979798	0.979798	0.979798	0.979798	0.979798	0.979798	0.979798	0.979798	0.979798	0.979798	0.979798	0.979798	0.979798	0.979798	0.979798	0.979798	0.979798	0.979798	0.979798	0.979798	0.979798	0.979798	0.979798	0.979798	0.979798	0.979798	0.979798	0.979798	0.979798	0.979798	0.979798	0.979798	0.979798	0.979798	0.979798	0.979798	0.979798	0.979798	0.979798	0.979798	0.979798	0.979798	0.979798	0.979798	0.979798	0.979798	0.979798	0.979798	0.979798	0.979798	0.979798	0.979798	0.979798	0.979798	0.979798	0.979798	0.979798	0.979798	0.979798	0.979798	0.979798	0.979798	0.979798	0.979798	0.979798	0.979798	0.979798	0.979798	0.979798	0.979798	0.979798	0.979798	0.979798	0.979798	0.979798	0.979798	0.979798	0.979798	0.979798	0.979798	0.979798	0.979798	0.979798	0.979798	0.979798	0.979798	0.979798	0.979798	0.979798	0.979798	0.979798	0.979798	0.979798	0.979798	0.979798	0.979798	0.979798	0.979798	0.979798	0.979798	0.979798	0.979798	0.979798	0.979798	0.979798	0.979798	0.979798	0.979798	0.979798	0.979798	0.979798	0.979798	0.979226	0.978655	0.978083	0.977512	0.976940	0.976369	0.975797	0.975226	0.974654	0.974083	0.973511	
0.979182	0.977965	0.978062	0.978158	0.978255	0.978352	0.978448	0.978545	0.978641	0.978738	0.978835	0.979688	0.979798	0.979798	0.979798	0.979798	0.977417	0.977631	0.977844	0.979798	0.979798	0.979798	0.979798	0.979798	0.979798	0.979798	0.979798	0.979798	0.979798	0.979798	0.979798	0.979798	0.979798	0.979798	0.979798	0.979798	0.979798	0.979798	0.979798	0.979798	0.979798	0.979798	0.979798	0.979798	0.979798	0.979798	0.979798	0.979798	0.979798	0.979798	0.979798	0.979798	0.979798	0.979798	0.979798	0.979798	0.979798	0.979798	0.979798	0.979798	0.979798	0.979798	0.979798	0.979798	0.979798	0.979798	0.979798	0.979798	0.979798	0.979798	0.979798	0.979798	0.979798	0.979798	0.979798	0.979798	0.979798	0.979798	0.979798	0.979798	0.979798	0.979798	0.979798	0.979798	0.979798	0.979798	0.979798	0.979798	0.979798	0.979798	0.979798	0.979798	0.979798	0.979798	0.979798	0.979798	0.979798	0.979798	0.979798	0.979798	0.979798	0.979798	0.979798	0.979798	0.979798	0.979798	0.979798	0.979798	0.979798	0.979798	0.979798	0.979798	0.979798	0.979798	0.979798	0.979798	0.979798	0.979798	0.979798	0.979798	0.979798	0.979798	0.979798	0.979798	0.979798	0.979798	0.979798	0.979798	0.979798	0.979798	0.979798	0.979798	0.979798	0.979798	0.979798	0.979798	0.979798	0.979798	0.979798	0.979798	0.979798	0.979798	0.979798	0.979798	0.979798	0.979798	0.979798	0.979798	0.979798	0.979798	0.979798	0.979798	0.979798	0.979798	0.979798	0.979798	0.979798	0.979798	0.979798	0.979798	0.979798	0.979798	0.979798	0.979798	0.979798	0.979798	0.979798	0.979211	0.978624	0.978037	0.977450	0.976863	0.976276	0.975689	0.975102	0.974515	0.973929	0.973342	
0.979211	0.978050	0.978142	0.978234	0.978326	0.978417	0.978509	0.978601	0.978693	0.978784	0.978876	0.978968	0.979060	0.979151	0.979798	0.979798	0.977528	0.977732	0.977936	0.978140	0.979798	0.979798	0.979798	0.979798	0.979798	0.979798	0.979798	0.979798	0.979798	0.979798	0.979798	0.979798	0.979798	0.979798	0.979798	0.979798	0.979798	0.979798	0.979798	0.979798	0.979798	0.979798	0.979798	0.979798	0.979798	0.979798	0.979798	0.979798	0.979798	0.979798	0.979798	0.979798	0.979798	0.979798	0.979798	0.979798	0.979798	0.979798	0.979798	0.979798	0.979798	0.979798	0.979798	0.979798	0.979798	0.979798	0.979798	0.979798	0.979798	0.979798	0.979798	0.979798	0.979798	0.979798	0.979798	0.979798	0.979798	0.979798	0.979798	0.979798	0.979798	0.979798	0.979798	0.979798	0.979798	0.979798	0.979798	0.979798	0.979798	0.979798	0.979798	0.979798	0.979798	0.979798	0.979798	0.979798	0.979798	0.979798	0.979798	0.979798	0.979798	0.979798	0.979798	0.979798	0.979798	0.979798	0.979798	0.979798	0.979798	0.979798	0.979798	0.979798	0.979798	0.979798	0.979798	0.979798	0.979798	0.979798	0.979798	0.979798	0.979798	0.979798	0.979798	0.979798	0.979798	0.979798	0.979798	0.979798	0.979798	0.979798	0.979798	0.979798	0.979798	0.979798	0.979798	0.979798	0.979798	0.979798	0.979798	0.979798	0.979798	0.979798	0.979798	0.979798	0.979798	0.979798	0.979798	0.979798	0.979798	0.979798	0.979798	0.979798	0.979798	0.979798	0.979798	0.979798	0.979798	0.979798	0.979798	0.979798	0.979798	0.979798	0.979798	0.979798	0.979798	0.979798	0.979798	0.979798	0.979196	0.978593	0.977991	0.977389	0.976786	0.976184	0.975581	0.974979	0.974377	0.973774	0.973172	
0.978136	0.978224	0.978313	0.978402	0.978491	0.978580	0.978669	0.978758	0.978846	0.978935	0.979024	0.979113	0.979202	0.979291	0.977639	0.977838	0.978037	0.978236	0.978436	0.979798	0.979798	0.979798	0.979798	0.979798	0.979798	0.979798	0.979798	0.979798	0.979798	0.979798	0.979798	0.979798	0.979798	0.979798	0.979798	0.979798	0.979798	0.979798	0.979798	0.979798	0.979798	0.979798	0.979798	0.979798	0.979798	0.979798	0.979798	0.979798	0.979798	0.979798	0.979798	0.979798	0.979798	0.979798	0.979798	0.979798	0.979798	0.979798	0.979798	0.979798	0.979798	0.979798	0.979798	0.979798	0.979798	0.979798	0.979798	0.979798	0.979798	0.979798	0.979798	0.979798	0.979798	0.979798	0.979798	0.979798	0.979798	0.979798	0.979798	0.979798	0.979798	0.979798	0.979798	0.979798	0.979798	0.979798	0.979798	0.979798	0.979798	0.979798	0.979798	0.979798	0.979798	0.979798	0.979798	0.979798	0.979798	0.979798	0.979798	0.979798	0.979798	0.979798	0.979798	0.979798	0.979798	0.979798	0.979798	0.979798	0.979798	0.979798	0.979798	0.979798	0.979798	0.979798	0.979798	0.979798	0.979798	0.979798	0.979798	0.979798	0.979798	0.979798	0.979798	0.979798	0.979798	0.979798	0.979798	0.979798	0.979798	0.979798	0.979798	0.979798	0.979798	0.979798	0.979798	0.979798	0.979798	0.979798	0.979798	0.979798	0.979798	0.979798	0.979798	0.979798	0.979798	0.979798	0.979798	0.979798	0.979798	0.979798	0.979798	0.979798	0.979798	0.979798	0.979798	0.979798	0.979798	0.979798	0.979798	0.979798	0.979798	0.979798	0.979798	0.979798	0.979798	0.979798	0.979798	0.979798	0.979180	0.978562	0.977945	0.977327	0.976709	0.976091	0.975474	0.974856	0.974238	0.973620	0.973003	
0.979268	0.978221	0.978313	0.978405	0.978497	0.978589	0.978681	0.978773	0.978865	0.978957	0.979049	0.979141	0.979233	0.979325	0.977749	0.977946	0.978142	0.978339	0.978535	0.978732	0.979798	0.979798	0.979798	0.979798	0.979798	0.979798	0.979798	0.979798	0.979798	0.979798	0.979798	0.979798	0.979798	0.979798	0.979798	0.979798	0.979798	0.979798	0.979798	0.979798	0.979798	0.979798	0.979798	0.979798	0.979798	0.979798	0.979798	0.979798	0.979798	0.979798	0.979798	0.979798	0.979798	0.979798	0.979798	0.979798	0.979798	0.979798	0.979798	0.979798	0.979798	0.979798	0.979798	0.979798	0.979798	0.979798	0.979798	0.979798	0.979798	0.979798	0.979798	0.979798	0.979798	0.979798	0.979798	0.979798	0.979798	0.979798	0.979798	0.979798	0.979798	0.979798	0.979798	0.979798	0.979798	0.979798	0.979798	0.979798	0.979798	0.979798	0.979798	0.979798	0.979798	0.979798	0.979798	0.979798	0.979798	0.979798	0.979798	0.979798	0.979798	0.979798	0.979798	0.979798	0.979798	0.979798	0.979798	0.979798	0.979798	0.979798	0.979798	0.979798	0.979798	0.979798	0.979798	0.979798	0.979798	0.979798	0.979798	0.979798	0.979798	0.979798	0.979798	0.979798	0.979798	0.979798	0.979798	0.979798	0.979798	0.979798	0.979798	0.979798	0.979798	0.979798	0.979798	0.979798	0.979798	0.979798	0.979798	0.979798	0.979798	0.979798	0.979798	0.979798	0.979798	0.979798	0.979798	0.979798	0.979798	0.979798	0.979798	0.979798	0.979798	0.979798	0.979798	0.979798	0.979798	0.979798	0.979798	0.979798	0.979798	0.979798	0.979798	0.979798	0.979798	0.979798	0.979798	0.979798	0.979798	0.979165	0.978532	0.977898	0.977265	0.976632	0.975999	0.975366	0.974733	0.974099	0.973466	0.972833	
0.978306	0.978396	0.978486	0.978575	0.978665	0.978755	0.978845	0.978935	0.979024	0.979114	0.979204	0.979294	0.979384	0.977860	0.978055	0.978249	0.978444	0.978638	0.978833	0.979028	0.979798	0.979798	0.979798	0.979798	0.979798	0.979798	0.979798	0.979798	0.979798	0.979798	0.979798	0.979798	0.979798	0.979798	0.979798	0.979798	0.979798	0.979798	0.979798	0.979798	0.979798	0.979798	0.979798	0.979798	0.979798	0.979798	0.979798	0.979798	0.979798	0.979798	0.979798	0.979798	0.979798	0.979798	0.979798	0.979798	0.979798	0.979798	0.979798	0.979798	0.979798	0.979798	0.979798	0.979798	0.979798	0.979798	0.979798	0.979798	0.979798	0.979798	0.979798	0.979798	0.979798	0.979798	0.979798	0.979798	0.979798	0.979798	0.979798	0.979798	0.979798	0.979798	0.979798	0.979798	0.979798	0.979798	0.979798	0.979798	0.979798	0.979798	0.979798	0.979798	0.979798	0.979798	0.979798	0.979798	0.979798	0.979798	0.979798	0.979798	0.979798	0.979798	0.979798	0.979798	0.979798	0.979798	0.979798	0.979798	0.979798	0.979798	0.979798	0.979798	0.979798	0.979798	0.979798	0.979798	0.979798	0.979798	0.979798	0.979798	0.979798	0.979798	0.979798	0.979798	0.979798	0.979798	0.979798	0.979798	0.979798	0.979798	0.979798	0.979798	0.979798	0.979798	0.979798	0.979798	0.979798	0.979798	0.979798	0.979798	0.979798	0.979798	0.979798	0.979798	0.979798	0.979798	0.979798	0.979798	0.979798	0.979798	0.979798	0.979798	0.979798	0.979798	0.979798	0.979798	0.979798	0.979798	0.979798	0.979798	0.979798	0.979798	0.979798	0.979798	0.979798	0.979798	0.979798	0.979798	0.979798	0.979149	0.978501	0.977852	0.977204	0.976555	0.975906	0.975258	0.974609	0.973961	0.973312	0.972664	
0.979325	0.978391	0.978484	0.978576	0.978668	0.978760	0.978852	0.978944	0.979036	0.979129	0.979221	0.979313	0.977971	0.978140	0.978309	0.978478	0.978647	0.978816	0.978985	0.979154	0.979324	0.979798	0.979798	0.979798	0.979798	0.979798	0.979798	0.979798	0.979798	0.979798	0.979798	0.979798	0.979798	0.979798	0.979798	0.979798	0.979798	0.979798	0.979798	0.979798	0.979798	0.979798	0.979798	0.979798	0.979798	0.979798	0.979798	0.979798	0.979798	0.979798	0.979798	0.979798	0.979798	0.979798	0.979798	0.979798	0.979798	0.979798	0.979798	0.979798	0.979798	0.979798	0.979798	0.979798	0.979798	0.979798	0.979798	0.979798	0.979798	0.979798	0.979798	0.979798	0.979798	0.979798	0.979798	0.979798	0.979798	0.979798	0.979798	0.979798	0.979798	0.979798	0.979798	0.979798	0.979798	0.979798	0.979798	0.979798	0.979798	0.979798	0.979798	0.979798	0.979798	0.979798	0.979798	0.979798	0.979798	0.979798	0.979798	0.979798	0.979798	0.979798	0.979798	0.979798	0.979798	0.979798	0.979798	0.979798	0.979798	0.979798	0.979798	0.979798	0.979798	0.979798	0.979798	0.979798	0.979798	0.979798	0.979798	0.979798	0.979798	0.979798	0.979798	0.979798	0.979798	0.979798	0.979798	0.979798	0.979798	0.979798	0.979798	0.979798	0.979798	0.979798	0.979798	0.979798	0.979798	0.979798	0.979798	0.979798	0.979798	0.979798	0.979798	0.979798	0.979798	0.979798	0.979798	0.979798	0.979798	0.979798	0.979798	0.979798	0.979798	0.979798	0.979798	0.979798	0.979798	0.979798	0.979798	0.979798	0.979798	0.979798	0.979798	0.979798	0.979798	0.979798	0.979798	0.979798	0.979798	0.979798	0.979134	0.978470	0.977806	0.977142	0.976478	0.975814	0.975150	0.974486	0.973822	0.973158	0.972494	
0.979354	0.978477	0.978564	0.978650	0.978737	0.978824	0.978911	0.978998	0.979085	0.979172	0.979259	0.979346	0.978082	0.978274	0.978466	0.978658	0.978851	0.979043	0.979235	0.979427	0.979619	0.979798	0.979798	0.979798	0.979798	0.979798	0.979798	0.979798	0.979798	0.979798	0.979798	0.979798	0.979798	0.979798	0.979798	0.979798	0.979798	0.979798	0.979798	0.979798	0.979798	0.979798	0.979798	0.979798	0.979798	0.979798	0.979798	0.979798	0.979798	0.979798	0.979798	0.979798	0.979798	0.979798	0.979798	0.979798	0.979798	0.979798	0.979798	0.979798	0.979798	0.979798	0.979798	0.979798	0.979798	0.979798	0.979798	0.979798	0.979798	0.979798	0.979798	0.979798	0.979798	0.979798	0.979798	0.979798	0.979798	0.979798	0.979798	0.979798	0.979798	0.979798	0.979798	0.979798	0.979798	0.979798	0.979798	0.979798	0.979798	0.979798	0.979798	0.979798	0.979798	0.979798	0.979798	0.979798	0.979798	0.979798	0.979798	0.979798	0.979798	0.979798	0.979798	0.979798	0.979798	0.979798	0.979798	0.979798	0.979798	0.979798	0.979798	0.979798	0.979798	0.979798	0.979798	0.979798	0.979798	0.979798	0.979798	0.979798	0.979798	0.979798	0.979798	0.979798	0.979798	0.979798	0.979798	0.979798	0.979798	0.979798	0.979798	0.979798	0.979798	0.979798	0.979798	0.979798	0.979798	0.979798	0.979798	0.979798	0.979798	0.979798	0.979798	0.979798	0.979798	0.979798	0.979798	0.979798	0.979798	0.979798	0.979798	0.979798	0.979798	0.979798	0.979798	0.979798	0.979798	0.979798	0.979798	0.979798	0.979798	0.979798	0.979798	0.979798	0.979798	0.979798	0.979798	0.979798	0.979798	0.979798	0.979798	0.979119	0.978439	0.977760	0.977080	0.976401	0.975722	0.975042	0.974363	0.973683	0.973004	0.972324	
0.978562	0.978649	0.978736	0.978824	0.978911	0.978998	0.979085	0.979173	0.979260	0.979347	0.979435	0.978192	0.978384	0.978575	0.978767	0.978958	0.979150	0.979341	0.979533	0.979724	0.979798	0.979798	0.979798	0.979798	0.979798	0.979798	0.979798	0.979798	0.979798	0.979798	0.979798	0.979798	0.979798	0.979798	0.979798	0.979798	0.979798	0.979798	0.979798	0.979798	0.979798	0.979798	0.979798	0.979798	0.979798	0.979798	0.979798	0.979798	0.979798	0.979798	0.979798	0.979798	0.979798	0.979798	0.979798	0.979798	0.979798	0.979798	0.979798	0.979798	0.979798	0.979798	0.979798	0.979798	0.979798	0.979798	0.979798	0.979798	0.979798	0.979798	0.979798	0.979798	0.979798	0.979798	0.979798	0.979798	0.979798	0.979798	0.979798	0.979798	0.979798	0.979798	0.979798	0.979798	0.979798	0.979798	0.979798	0.979798	0.979798	0.979798	0.979798	0.979798	0.979798	0.979798	0.979798	0.979798	0.979798	0.979798	0.979798	0.979798	0.979798	0.979798	0.979798	0.979798	0.979798	0.979798	0.979798	0.979798	0.979798	0.979798	0.979798	0.979798	0.979798	0.979798	0.979798	0.979798	0.979798	0.979798	0.979798	0.979798	0.979798	0.979798	0.979798	0.979798	0.979798	0.979798	0.979798	0.979798	0.979798	0.979798	0.979798	0.979798	0.979798	0.979798	0.979798	0.979798	0.979798	0.979798	0.979798	0.979798	0.979798	0.979798	0.979798	0.979798	0.979798	0.979798	0.979798	0.979798	0.979798	0.979798	0.979798	0.979798	0.979798	0.979798	0.979798	0.979798	0.979798	0.979798	0.979798	0.979798	0.979798	0.979798	0.979798	0.979798	0.979798	0.979798	0.979798	0.979798	0.979798	0.979798	0.979798	0.979103	0.978408	0.977714	0.977019	0.976324	0.975629	0.974934	0.974239	0.973545	0.972850	0.972155	
0.979411	0.978647	0.978738	0.978829	0.978920	0.979011	0.979102	0.979193	0.979284	0.979375	0.978303	0.978477	0.978650	0.978824	0.978997	0.979171	0.979344	0.979517	0.979691	0.979798	0.979798	0.979798	0.979798	0.979798	0.979798	0.979798	0.979798	0.979798	0.979798	0.979798	0.979798	0.979798	0.979798	0.979798	0.979798	0.979798	0.979798	0.979798	0.979798	0.979798	0.979798	0.979798	0.979798	0.979798	0.979798	0.979798	0.979798	0.979798	0.979798	0.979798	0.979798	0.979798	0.979798	0.979798	0.979798	0.979798	0.979798	0.979798	0.979798	0.979798	0.979798	0.979798	0.979798	0.979798	0.979798	0.979798	0.979798	0.979798	0.979798	0.979798	0.979798	0.979798	0.979798	0.979798	0.979798	0.979798	0.979798	0.979798	0.979798	0.979798	0.979798	0.979798	0.979798	0.979798	0.979798	0.979798	0.979798	0.979798	0.979798	0.979798	0.979798	0.979798	0.979798	0.979798	0.979798	0.979798	0.979798	0.979798	0.979798	0.979798	0.979798	0.979798	0.979798	0.979798	0.979798	0.979798	0.979798	0.979798	0.979798	0.979798	0.979798	0.979798	0.979798	0.979798	0.979798	0.979798	0.979798	0.979798	0.979798	0.979798	0.979798	0.979798	0.979798	0.979798	0.979798	0.979798	0.979798	0.979798	0.979798	0.979798	0.979798	0.979798	0.979798	0.979798	0.979798	0.979798	0.979798	0.979798	0.979798	0.979798	0.979798	0.979798	0.979798	0.979798	0.979798	0.979798	0.979798	0.979798	0.979798	0.979798	0.979798	0.979798	0.979798	0.979798	0.979798	0.979798	0.979798	0.979798	0.979798	0.979798	0.979798	0.979798	0.979798	0.979798	0.979798	0.979798	0.979798	0.979798	0.979798	0.979798	0.979798	0.979798	0.979088	0.978378	0.977667	0.976957	0.976247	0.975537	0.974826	0.974116	0.973406	0.972696	0.971985	
0.978732	0.978820	0.978908	0.978996	0.979083	0.979171	0.979259	0.979347	0.979435	0.978414	0.978588	0.978763	0.978937	0.979112	0.979286	0.979461	0.979635	0.979798	0.979798	0.979798	0.979798	0.979798	0.979798	0.979798	0.979798	0.979798	0.979798	0.979798	0.979798	0.979798	0.979798	0.979798	0.979798	0.979798	0.979798	0.979798	0.979798	0.979798	0.979798	0.979798	0.979798	0.979798	0.979798	0.979798	0.979798	0.979798	0.979798	0.979798	0.979798	0.979798	0.979798	0.979798	0.979798	0.979798	0.979798	0.979798	0.979798	0.979798	0.979798	0.979798	0.979798	0.979798	0.979798	0.979798	0.979798	0.979798	0.979798	0.979798	0.979798	0.979798	0.979798	0.979798	0.979798	0.979798	0.979798	0.979798	0.979798	0.979798	0.979798	0.979798	0.979798	0.979798	0.979798	0.979798	0.979798	0.979798	0.979798	0.979798	0.979798	0.979798	0.979798	0.979798	0.979798	0.979798	0.979798	0.979798	0.979798	0.979798	0.979798	0.979798	0.979798	0.979798	0.979798	0.979798	0.979798	0.979798	0.979798	0.979798	0.979798	0.979798	0.979798	0.979798	0.979798	0.979798	0.979798	0.979798	0.979798	0.979798	0.979798	0.979798	0.979798	0.979798	0.979798	0.979798	0.979798	0.979798	0.979798	0.979798	0.979798	0.979798	0.979798	0.979798	0.979798	0.979798	0.979798	0.979798	0.979798	0.979798	0.979798	0.979798	0.979798	0.979798	0.979798	0.979798	0.979798	0.979798	0.979798	0.979798	0.979798	0.979798	0.979798	0.979798	0.979798	0.979798	0.979798	0.979798	0.979798	0.979798	0.979798	0.979798	0.979798	0.979798	0.979798	0.979798	0.979798	0.979798	0.979798	0.979798	0.979798	0.979798	0.979798	0.979798	0.979072	0.978347	0.977621	0.976895	0.976170	0.975444	0.974719	0.973993	0.973267	0.972542	0.971816	
0.979469	0.978818	0.978910	0.979002	0.979094	0.979187	0.979279	0.979371	0.979464	0.978525	0.978700	0.978875	0.979050	0.979226	0.979401	0.979576	0.979752	0.979798	0.979798	0.979798	0.979798	0.979798	0.979798	0.979798	0.979798	0.979798	0.979798	0.979798	0.979798	0.979798	0.979798	0.979798	0.979798	0.979798	0.979798	0.979798	0.979798	0.979798	0.979798	0.979798	0.979798	0.979798	0.979798	0.979798	0.979798	0.979798	0.979798	0.979798	0.979798	0.979798	0.979798	0.979798	0.979798	0.979798	0.979798	0.979798	0.979798	0.979798	0.979798	0.979798	0.979798	0.979798	0.979798	0.979798	0.979798	0.979798	0.979798	0.979798	0.979798	0.979798	0.979798	0.979798	0.979798	0.979798	0.979798	0.979798	0.979798	0.979798	0.979798	0.979798	0.979798	0.979798	0.979798	0.979798	0.979798	0.979798	0.979798	0.979798	0.979798	0.979798	0.979798	0.979798	0.979798	0.979798	0.979798	0.979798	0.979798	0.979798	0.979798	0.979798	0.979798	0.979798	0.979798	0.979798	0.979798	0.979798	0.979798	0.979798	0.979798	0.979798	0.979798	0.979798	0.979798	0.979798	0.979798	0.979798	0.979798	0.979798	0.979798	0.979798	0.979798	0.979798	0.979798	0.979798	0.979798	0.979798	0.979798	0.979798	0.979798	0.979798	0.979798	0.979798	0.979798	0.979798	0.979798	0.979798	0.979798	0.979798	0.979798	0.979798	0.979798	0.979798	0.979798	0.979798	0.979798	0.979798	0.979798	0.979798	0.979798	0.979798	0.979798	0.979798	0.979798	0.979798	0.979798	0.979798	0.979798	0.979798	0.979798	0.979798	0.979798	0.979798	0.979798	0.979798	0.979798	0.979798	0.979798	0.979798	0.979798	0.979798	0.979798	0.979798	0.979798	0.979057	0.978316	0.977575	0.976834	0.976093	0.975352	0.974611	0.973870	0.973129	0.972387	0.971646	
0.978903	0.978991	0.979080	0.979168	0.979257	0.979345	0.979434	0.978635	0.978811	0.978987	0.979163	0.979339	0.979515	0.979691	0.979798	0.979798	0.979798	0.979798	0.979798	0.979798	0.979798	0.979798	0.979798	0.979798	0.979798	0.979798	0.979798	0.979798	0.979798	0.979798	0.979798	0.979798	0.979798	0.979798	0.979798	0.979798	0.979798	0.979798	0.979798	0.979798	0.979798	0.979798	0.979798	0.979798	0.979798	0.979798	0.979798	0.979798	0.979798	0.979798	0.979798	0.979798	0.979798	0.979798	0.979798	0.979798	0.979798	0.979798	0.979798	0.979798	0.979798	0.979798	0.979798	0.979798	0.979798	0.979798	0.979798	0.979798	0.979798	0.979798	0.979798	0.979798	0.979798	0.979798	0.979798	0.979798	0.979798	0.979798	0.979798	0.979798	0.979798	0.979798	0.979798	0.979798	0.979798	0.979798	0.979798	0.979798	0.979798	0.979798	0.979798	0.979798	0.979798	0.979798	0.979798	0.979798	0.979798	0.979798	0.979798	0.979798	0.979798	0.979798	0.979798	0.979798	0.979798	0.979798	0.979798	0.979798	0.979798	0.979798	0.979798	0.979798	0.979798	0.979798	0.979798	0.979798	0.979798	0.979798	0.979798	0.979798	0.979798	0.979798	0.979798	0.979798	0.979798	0.979798	0.979798	0.979798	0.979798	0.979798	0.979798	0.979798	0.979798	0.979798	0.979798	0.979798	0.979798	0.979798	0.979798	0.979798	0.979798	0.979798	0.979798	0.979798	0.979798	0.979798	0.979798	0.979798	0.979798	0.979798	0.979798	0.979798	0.979798	0.979798	0.979798	0.979798	0.979798	0.979798	0.979798	0.979798	0.979798	0.979798	0.979798	0.979798	0.979798	0.979798	0.979798	0.979798	0.979798	0.979798	0.979798	0.979798	0.979798	0.979042	0.978285	0.977529	0.976772	0.976016	0.975259	0.974503	0.973746	0.972990	0.972233	0.971477	
0.978988	0.979077	0.979166	0.979255	0.979344	0.979433	0.979522	0.978746	0.978923	0.979099	0.979276	0.979452	0.979629	0.979798	0.979798	0.979798	0.979798	0.979798	0.979798	0.979798	0.979798	0.979798	0.979798	0.979798	0.979798	0.979798	0.979798	0.979798	0.979798	0.979798	0.979798	0.979798	0.979798	0.979798	0.979798	0.979798	0.979798	0.979798	0.979798	0.979798	0.979798	0.979798	0.979798	0.979798	0.979798	0.979798	0.979798	0.979798	0.979798	0.979798	0.979798	0.979798	0.979798	0.979798	0.979798	0.979798	0.979798	0.979798	0.979798	0.979798	0.979798	0.979798	0.979798	0.979798	0.979798	0.979798	0.979798	0.979798	0.979798	0.979798	0.979798	0.979798	0.979798	0.979798	0.979798	0.979798	0.979798	0.979798	0.979798	0.979798	0.979798	0.979798	0.979798	0.979798	0.979798	0.979798	0.979798	0.979798	0.979798	0.979798	0.979798	0.979798	0.979798	0.979798	0.979798	0.979798	0.979798	0.979798	0.979798	0.979798	0.979798	0.979798	0.979798	0.979798	0.979798	0.979798	0.979798	0.979798	0.979798	0.979798	0.979798	0.979798	0.979798	0.979798	0.979798	0.979798	0.979798	0.979798	0.979798	0.979798	0.979798	0.979798	0.979798	0.979798	0.979798	0.979798	0.979798	0.979798	0.979798	0.979798	0.979798	0.979798	0.979798	0.979798	0.979798	0.979798	0.979798	0.979798	0.979798	0.979798	0.979798	0.979798	0.979798	0.979798	0.979798	0.979798	0.979798	0.979798	0.979798	0.979798	0.979798	0.979798	0.979798	0.979798	0.979798	0.979798	0.979798	0.979798	0.979798	0.979798	0.979798	0.979798	0.979798	0.979798	0.979798	0.979798	0.979798	0.979798	0.979798	0.979798	0.979798	0.979798	0.979798	0.979798	0.979026	0.978254	0.977482	0.976711	0.975939	0.975167	0.974395	0.973623	0.972851	0.972079	0.971307	
0.979554	0.979073	0.979163	0.979252	0.979342	0.979431	0.979521	0.978857	0.979034	0.979211	0.979388	0.979565	0.979742	0.979798	0.979798	0.979798	0.979798	0.979798	0.979798	0.979798	0.979798	0.979798	0.979798	0.979798	0.979798	0.979798	0.979798	0.979798	0.979798	0.979798	0.979798	0.979798	0.979798	0.979798	0.979798	0.979798	0.979798	0.979798	0.979798	0.979798	0.979798	0.979798	0.979798	0.979798	0.979798	0.979798	0.979798	0.979798	0.979798	0.979798	0.979798	0.979798	0.979798	0.979798	0.979798	0.979798	0.979798	0.979798	0.979798	0.979798	0.979798	0.979798	0.979798	0.979798	0.979798	0.979798	0.979798	0.979798	0.979798	0.979798	0.979798	0.979798	0.979798	0.979798	0.979798	0.979798	0.979798	0.979798	0.979798	0.979798	0.979798	0.979798	0.979798	0.979798	0.979798	0.979798	0.979798	0.979798	0.979798	0.979798	0.979798	0.979798	0.979798	0.979798	0.979798	0.979798	0.979798	0.979798	0.979798	0.979798	0.979798	0.979798	0.979798	0.979798	0.979798	0.979798	0.979798	0.979798	0.979798	0.979798	0.979798	0.979798	0.979798	0.979798	0.979798	0.979798	0.979798	0.979798	0.979798	0.979798	0.979798	0.979798	0.979798	0.979798	0.979798	0.979798	0.979798	0.979798	0.979798	0.979798	0.979798	0.979798	0.979798	0.979798	0.979798	0.979798	0.979798	0.979798	0.979798	0.979798	0.979798	0.979798	0.979798	0.979798	0.979798	0.979798	0.979798	0.979798	0.979798	0.979798	0.979798	0.979798	0.979798	0.979798	0.979798	0.979798	0.979798	0.979798	0.979798	0.979798	0.979798	0.979798	0.979798	0.979798	0.979798	0.979798	0.979798	0.979798	0.979798	0.979798	0.979798	0.979798	0.979798	0.979798	0.979798	0.979011	0.978223	0.977436	0.976649	0.975862	0.975074	0.974287	0.973500	0.972712	0.971925	0.971138	
0.979159	0.979249	0.979339	0.979429	0.979520	0.978968	0.979135	0.979303	0.979471	0.979639	0.979798	0.979798	0.979798	0.979798	0.979798	0.979798	0.979798	0.979798	0.979798	0.979798	0.979798	0.979798	0.979798	0.979798	0.979798	0.979798	0.979798	0.979798	0.979798	0.979798	0.979798	0.979798	0.979798	0.979798	0.979798	0.979798	0.979798	0.979798	0.979798	0.979798	0.979798	0.979798	0.979798	0.979798	0.979798	0.979798	0.979798	0.979798	0.979798	0.979798	0.979798	0.979798	0.979798	0.979798	0.979798	0.979798	0.979798	0.979798	0.979798	0.979798	0.979798	0.979798	0.979798	0.979798	0.979798	0.979798	0.979798	0.979798	0.979798	0.979798	0.979798	0.979798	0.979798	0.979798	0.979798	0.979798	0.979798	0.979798	0.979798	0.979798	0.979798	0.979798	0.979798	0.979798	0.979798	0.979798	0.979798	0.979798	0.979798	0.979798	0.979798	0.979798	0.979798	0.979798	0.979798	0.979798	0.979798	0.979798	0.979798	0.979798	0.979798	0.979798	0.979798	0.979798	0.979798	0.979798	0.979798	0.979798	0.979798	0.979798	0.979798	0.979798	0.979798	0.979798	0.979798	0.979798	0.979798	0.979798	0.979798	0.979798	0.979798	0.979798	0.979798	0.979798	0.979798	0.979798	0.979798	0.979798	0.979798	0.979798	0.979798	0.979798	0.979798	0.979798	0.979798	0.979798	0.979798	0.979798	0.979798	0.979798	0.979798	0.979798	0.979798	0.979798	0.979798	0.979798	0.979798	0.979798	0.979798	0.979798	0.979798	0.979798	0.979798	0.979798	0.979798	0.979798	0.979798	0.979798	0.979798	0.979798	0.979798	0.979798	0.979798	0.979798	0.979798	0.979798	0.979798	0.979798	0.979798	0.979798	0.979798	0.979798	0.979798	0.979798	0.979798	0.978995	0.978193	0.977390	0.976587	0.975785	0.974982	0.974179	0.973376	0.972574	0.971771	0.970968	
0.979244	0.979335	0.979426	0.979518	0.979609	0.979078	0.979248	0.979417	0.979586	0.979756	0.979798	0.979798	0.979798	0.979798	0.979798	0.979798	0.979798	0.979798	0.979798	0.979798	0.979798	0.979798	0.979798	0.979798	0.979798	0.979798	0.979798	0.979798	0.979798	0.979798	0.979798	0.979798	0.979798	0.979798	0.979798	0.979798	0.979798	0.979798	0.979798	0.979798	0.979798	0.979798	0.979798	0.979798	0.979798	0.979798	0.979798	0.979798	0.979798	0.979798	0.979798	0.979798	0.979798	0.979798	0.979798	0.979798	0.979798	0.979798	0.979798	0.979798	0.979798	0.979798	0.979798	0.979798	0.979798	0.979798	0.979798	0.979798	0.979798	0.979798	0.979798	0.979798	0.979798	0.979798	0.979798	0.979798	0.979798	0.979798	0.979798	0.979798	0.979798	0.979798	0.979798	0.979798	0.979798	0.979798	0.979798	0.979798	0.979798	0.979798	0.979798	0.979798	0.979798	0.979798	0.979798	0.979798	0.979798	0.979798	0.979798	0.979798	0.979798	0.979798	0.979798	0.979798	0.979798	0.979798	0.979798	0.979798	0.979798	0.979798	0.979798	0.979798	0.979798	0.979798	0.979798	0.979798	0.979798	0.979798	0.979798	0.979798	0.979798	0.979798	0.979798	0.979798	0.979798	0.979798	0.979798	0.979798	0.979798	0.979798	0.979798	0.979798	0.979798	0.979798	0.979798	0.979798	0.979798	0.979798	0.979798	0.979798	0.979798	0.979798	0.979798	0.979798	0.979798	0.979798	0.979798	0.979798	0.979798	0.979798	0.979798	0.979798	0.979798	0.979798	0.979798	0.979798	0.979798	0.979798	0.979798	0.979798	0.979798	0.979798	0.979798	0.979798	0.979798	0.979798	0.979798	0.979798	0.979798	0.979798	0.979798	0.979798	0.979798	0.979798	0.979798	0.979798	0.978980	0.978162	0.977344	0.976526	0.975707	0.974889	0.974071	0.973253	0.972435	0.971617	0.970799	
0.979329	0.979422	0.979514	0.979607	0.979189	0.979363	0.979537	0.979711	0.979798	0.979798	0.979798	0.979798	0.979798	0.979798	0.979798	0.979798	0.979798	0.979798	0.979798	0.979798	0.979798	0.979798	0.979798	0.979798	0.979798	0.979798	0.979798	0.979798	0.979798	0.979798	0.979798	0.979798	0.979798	0.979798	0.979798	0.979798	0.979798	0.979798	0.979798	0.979798	0.979798	0.979798	0.979798	0.979798	0.979798	0.979798	0.979798	0.979798	0.979798	0.979798	0.979798	0.979798	0.979798	0.979798	0.979798	0.979798	0.979798	0.979798	0.979798	0.979798	0.979798	0.979798	0.979798	0.979798	0.979798	0.979798	0.979798	0.979798	0.979798	0.979798	0.979798	0.979798	0.979798	0.979798	0.979798	0.979798	0.979798	0.979798	0.979798	0.979798	0.979798	0.979798	0.979798	0.979798	0.979798	0.979798	0.979798	0.979798	0.979798	0.979798	0.979798	0.979798	0.979798	0.979798	0.979798	0.979798	0.979798	0.979798	0.979798	0.979798	0.979798	0.979798	0.979798	0.979798	0.979798	0.979798	0.979798	0.979798	0.979798	0.979798	0.979798	0.979798	0.979798	0.979798	0.979798	0.979798	0.979798	0.979798	0.979798	0.979798	0.979798	0.979798	0.979798	0.979798	0.979798	0.979798	0.979798	0.979798	0.979798	0.979798	0.979798	0.979798	0.979798	0.979798	0.979798	0.979798	0.979798	0.979798	0.979798	0.979798	0.979798	0.979798	0.979798	0.979798	0.979798	0.979798	0.979798	0.979798	0.979798	0.979798	0.979798	0.979798	0.979798	0.979798	0.979798	0.979798	0.979798	0.979798	0.979798	0.979798	0.979798	0.979798	0.979798	0.979798	0.979798	0.979798	0.979798	0.979798	0.979798	0.979798	0.979798	0.979798	0.979798	0.979798	0.979798	0.979798	0.978964	0.978131	0.977297	0.976464	0.975630	0.974797	0.973963	0.973130	0.972296	0.971463	0.970629	
0.979414	0.979509	0.979604	0.979300	0.979466	0.979632	0.979798	0.979798	0.979798	0.979798	0.979798	0.979798	0.979798	0.979798	0.979798	0.979798	0.979798	0.979798	0.979798	0.979798	0.979798	0.979798	0.979798	0.979798	0.979798	0.979798	0.979798	0.979798	0.979798	0.979798	0.979798	0.979798	0.979798	0.979798	0.979798	0.979798	0.979798	0.979798	0.979798	0.979798	0.979798	0.979798	0.979798	0.979798	0.979798	0.979798	0.979798	0.979798	0.979798	0.979798	0.979798	0.979798	0.979798	0.979798	0.979798	0.979798	0.979798	0.979798	0.979798	0.979798	0.979798	0.979798	0.979798	0.979798	0.979798	0.979798	0.979798	0.979798	0.979798	0.979798	0.979798	0.979798	0.979798	0.979798	0.979798	0.979798	0.979798	0.979798	0.979798	0.979798	0.979798	0.979798	0.979798	0.979798	0.979798	0.979798	0.979798	0.979798	0.979798	0.979798	0.979798	0.979798	0.979798	0.979798	0.979798	0.979798	0.979798	0.979798	0.979798	0.979798	0.979798	0.979798	0.979798	0.979798	0.979798	0.979798	0.979798	0.979798	0.979798	0.979798	0.979798	0.979798	0.979798	0.979798	0.979798	0.979798	0.979798	0.979798	0.979798	0.979798	0.979798	0.979798	0.979798	0.979798	0.979798	0.979798	0.979798	0.979798	0.979798	0.979798	0.979798	0.979798	0.979798	0.979798	0.979798	0.979798	0.979798	0.979798	0.979798	0.979798	0.979798	0.979798	0.979798	0.979798	0.979798	0.979798	0.979798	0.979798	0.979798	0.979798	0.979798	0.979798	0.979798	0.979798	0.979798	0.979798	0.979798	0.979798	0.979798	0.979798	0.979798	0.979798	0.979798	0.979798	0.979798	0.979798	0.979798	0.979798	0.979798	0.979798	0.979798	0.979798	0.979798	0.979798	0.979798	0.979798	0.979798	0.978949	0.978100	0.977251	0.976402	0.975553	0.974704	0.973856	0.973007	0.972158	0.971309	0.970460	
0.979500	0.979598	0.979410	0.979583	0.979755	0.979798	0.979798	0.979798	0.979798	0.979798	0.979798	0.979798	0.979798	0.979798	0.979798	0.979798	0.979798	0.979798	0.979798	0.979798	0.979798	0.979798	0.979798	0.979798	0.979798	0.979798	0.979798	0.979798	0.979798	0.979798	0.979798	0.979798	0.979798	0.979798	0.979798	0.979798	0.979798	0.979798	0.979798	0.979798	0.979798	0.979798	0.979798	0.979798	0.979798	0.979798	0.979798	0.979798	0.979798	0.979798	0.979798	0.979798	0.979798	0.979798	0.979798	0.979798	0.979798	0.979798	0.979798	0.979798	0.979798	0.979798	0.979798	0.979798	0.979798	0.979798	0.979798	0.979798	0.979798	0.979798	0.979798	0.979798	0.979798	0.979798	0.979798	0.979798	0.979798	0.979798	0.979798	0.979798	0.979798	0.979798	0.979798	0.979798	0.979798	0.979798	0.979798	0.979798	0.979798	0.979798	0.979798	0.979798	0.979798	0.979798	0.979798	0.979798	0.979798	0.979798	0.979798	0.979798	0.979798	0.979798	0.979798	0.979798	0.979798	0.979798	0.979798	0.979798	0.979798	0.979798	0.979798	0.979798	0.979798	0.979798	0.979798	0.979798	0.979798	0.979798	0.979798	0.979798	0.979798	0.979798	0.979798	0.979798	0.979798	0.979798	0.979798	0.979798	0.979798	0.979798	0.979798	0.979798	0.979798	0.979798	0.979798	0.979798	0.979798	0.979798	0.979798	0.979798	0.979798	0.979798	0.979798	0.979798	0.979798	0.979798	0.979798	0.979798	0.979798	0.979798	0.979798	0.979798	0.979798	0.979798	0.979798	0.979798	0.979798	0.979798	0.979798	0.979798	0.979798	0.979798	0.979798	0.979798	0.979798	0.979798	0.979798	0.979798	0.979798	0.979798	0.979798	0.979798	0.979798	0.979798	0.979798	0.979798	0.979798	0.978934	0.978069	0.977205	0.976341	0.975476	0.974612	0.973748	0.972883	0.972019	0.971155	0.970290	
0.979585	0.979690	0.979521	0.979706	0.979798	0.979798	0.979798	0.979798	0.979798	0.979798	0.979798	0.979798	0.979798	0.979798	0.979798	0.979798	0.979798	0.979798	0.979798	0.979798	0.979798	0.979798	0.979798	0.979798	0.979798	0.979798	0.979798	0.979798	0.979798	0.979798	0.979798	0.979798	0.979798	0.979798	0.979798	0.979798	0.979798	0.979798	0.979798	0.979798	0.979798	0.979798	0.979798	0.979798	0.979798	0.979798	0.979798	0.979798	0.979798	0.979798	0.979798	0.979798	0.979798	0.979798	0.979798	0.979798	0.979798	0.979798	0.979798	0.979798	0.979798	0.979798	0.979798	0.979798	0.979798	0.979798	0.979798	0.979798	0.979798	0.979798	0.979798	0.979798	0.979798	0.979798	0.979798	0.979798	0.979798	0.979798	0.979798	0.979798	0.979798	0.979798	0.979798	0.979798	0.979798	0.979798	0.979798	0.979798	0.979798	0.979798	0.979798	0.979798	0.979798	0.979798	0.979798	0.979798	0.979798	0.979798	0.979798	0.979798	0.979798	0.979798	0.979798	0.979798	0.979798	0.979798	0.979798	0.979798	0.979798	0.979798	0.979798	0.979798	0.979798	0.979798	0.979798	0.979798	0.979798	0.979798	0.979798	0.979798	0.979798	0.979798	0.979798	0.979798	0.979798	0.979798	0.979798	0.979798	0.979798	0.979798	0.979798	0.979798	0.979798	0.979798	0.979798	0.979798	0.979798	0.979798	0.979798	0.979798	0.979798	0.979798	0.979798	0.979798	0.979798	0.979798	0.979798	0.979798	0.979798	0.979798	0.979798	0.979798	0.979798	0.979798	0.979798	0.979798	0.979798	0.979798	0.979798	0.979798	0.979798	0.979798	0.979798	0.979798	0.979798	0.979798	0.979798	0.979798	0.979798	0.979798	0.979798	0.979798	0.979798	0.979798	0.979798	0.979798	0.979798	0.979798	0.978918	0.978039	0.977159	0.976279	0.975399	0.974520	0.973640	0.972760	0.971880	0.971001	0.970121	
0.979670	0.979632	0.979798	0.979798	0.979798	0.979798	0.979798	0.979798	0.979798	0.979798	0.979798	0.979798	0.979798	0.979798	0.979798	0.979798	0.979798	0.979798	0.979798	0.979798	0.979798	0.979798	0.979798	0.979798	0.979798	0.979798	0.979798	0.979798	0.979798	0.979798	0.979798	0.979798	0.979798	0.979798	0.979798	0.979798	0.979798	0.979798	0.979798	0.979798	0.979798	0.979798	0.979798	0.979798	0.979798	0.979798	0.979798	0.979798	0.979798	0.979798	0.979798	0.979798	0.979798	0.979798	0.979798	0.979798	0.979798	0.979798	0.979798	0.979798	0.979798	0.979798	0.979798	0.979798	0.979798	0.979798	0.979798	0.979798	0.979798	0.979798	0.979798	0.979798	0.979798	0.979798	0.979798	0.979798	0.979798	0.979798	0.979798	0.979798	0.979798	0.979798	0.979798	0.979798	0.979798	0.979798	0.979798	0.979798	0.979798	0.979798	0.979798	0.979798	0.979798	0.979798	0.979798	0.979798	0.979798	0.979798	0.979798	0.979798	0.979798	0.979798	0.979798	0.979798	0.979798	0.979798	0.979798	0.979798	0.979798	0.979798	0.979798	0.979798	0.979798	0.979798	0.979798	0.979798	0.979798	0.979798	0.979798	0.979798	0.979798	0.979798	0.979798	0.979798	0.979798	0.979798	0.979798	0.979798	0.979798	0.979798	0.979798	0.979798	0.979798	0.979798	0.979798	0.979798	0.979798	0.979798	0.979798	0.979798	0.979798	0.979798	0.979798	0.979798	0.979798	0.979798	0.979798	0.979798	0.979798	0.979798	0.979798	0.979798	0.979798	0.979798	0.979798	0.979798	0.979798	0.979798	0.979798	0.979798	0.979798	0.979798	0.979798	0.979798	0.979798	0.979798	0.979798	0.979798	0.979798	0.979798	0.979798	0.979798	0.979798	0.979798	0.979798	0.979798	0.979798	0.979798	0.979798	0.978903	0.978008	0.977113	0.976217	0.975322	0.974427	0.973532	0.972637	0.971742	0.970846	0.969951	
0.979743	0.979798	0.979798	0.979798	0.979798	0.979798	0.979798	0.979798	0.979798	0.979798	0.979798	0.979798	0.979798	0.979798	0.979798	0.979798	0.979798	0.979798	0.979798	0.979798	0.979798	0.979798	0.979798	0.979798	0.979798	0.979798	0.979798	0.979798	0.979798	0.979798	0.979798	0.979798	0.979798	0.979798	0.979798	0.979798	0.979798	0.979798	0.979798	0.979798	0.979798	0.979798	0.979798	0.979798	0.979798	0.979798	0.979798	0.979798	0.979798	0.979798	0.979798	0.979798	0.979798	0.979798	0.979798	0.979798	0.979798	0.979798	0.979798	0.979798	0.979798	0.979798	0.979798	0.979798	0.979798	0.979798	0.979798	0.979798	0.979798	0.979798	0.979798	0.979798	0.979798	0.979798	0.979798	0.979798	0.979798	0.979798	0.979798	0.979798	0.979798	0.979798	0.979798	0.979798	0.979798	0.979798	0.979798	0.979798	0.979798	0.979798	0.979798	0.979798	0.979798	0.979798	0.979798	0.979798	0.979798	0.979798	0.979798	0.979798	0.979798	0.979798	0.979798	0.979798	0.979798	0.979798	0.979798	0.979798	0.979798	0.979798	0.979798	0.979798	0.979798	0.979798	0.979798	0.979798	0.979798	0.979798	0.979798	0.979798	0.979798	0.979798	0.979798	0.979798	0.979798	0.979798	0.979798	0.979798	0.979798	0.979798	0.979798	0.979798	0.979798	0.979798	0.979798	0.979798	0.979798	0.979798	0.979798	0.979798	0.979798	0.979798	0.979798	0.979798	0.979798	0.979798	0.979798	0.979798	0.979798	0.979798	0.979798	0.979798	0.979798	0.979798	0.979798	0.979798	0.979798	0.979798	0.979798	0.979798	0.979798	0.979798	0.979798	0.979798	0.979798	0.979798	0.979798	0.979798	0.979798	0.979798	0.979798	0.979798	0.979798	0.979798	0.979798	0.979798	0.979798	0.979798	0.979798	0.978887	0.977977	0.977066	0.976156	0.975245	0.974335	0.973424	0.972513	0.971603	0.970692	0.969782	
0.979829	0.979941	0.980052	0.980164	0.980275	0.980387	0.980498	0.980610	0.980721	0.980833	0.980944	0.981056	0.981167	0.981279	0.981390	0.981502	
0.979892	0.980006	0.980119	0.980233	0.980347	0.980461	0.980574	0.980688	0.980802	0.980916	0.981030	0.981143	0.981257	0.981371	0.981485	
0.979954	0.980071	0.980187	0.980304	0.980420	0.980536	0.980653	0.980769	0.980886	0.981002	0.981118	0.981235	0.981351	0.981468	
0.980017	0.980136	0.980256	0.980375	0.980495	0.980614	0.980734	0.980853	0.980973	0.981092	0.981212	0.981331	0.981451	
0.980080	0.980192	0.980305	0.980418	0.980531	0.980644	0.980757	0.980869	0.980982	0.981095	0.981208	0.981321	0.981434	
0.980142	0.980258	0.980374	0.980490	0.980606	0.980721	0.980837	0.980953	0.981069	0.981185	0.981301	0.981416	
0.980205	0.980324	0.980444	0.980563	0.980683	0.980802	0.980922	0.981041	0.981160	0.981280	0.981399	
0.980267	0.980391	0.980515	0.980639	0.980763	0.980887	0.981011	0.981135	0.981258	0.981382	
0.980330	0.980445	0.980560	0.980675	0.980790	0.980905	0.981020	0.981135	0.981250	0.981365	
0.980392	0.980512	0.980631	0.980751	0.980870	0.980990	0.981109	0.981229	0.981348	
0.980455	0.980580	0.980705	0.980831	0.980956	0.981081	0.981206	0.981331	
0.980518	0.980650	0.980783	0.980916	0.981049	0.981181	0.981314	
0.980580	0.980723	0.980867	0.981010	0.981154	0.981297	
0.980643	0.980770	0.980898	0.981025	0.981153	0.981280	
0.980705	0.980845	0.980984	0.981124	0.981263	
0.980768	0.980927	0.981087	0.981246	
0.980830	0.981030	0.981229	
0.980893	0.981052	0.981212	
0.980955	0.981195	
0.981018	






































































































































































































































